1.0310923973763693e-17
-0.1
0.0
end
1.0310923973763693e-17
0.1
0.0
end
0.09999996632777873
-0.09999995859070948
-6.1976355121787075e-09
end
0.19999657811650817
0.10000220164643159
-4.422198155883459e-09
end
0.29999793282957643
-0.10000165704861977
2.035052332373857e-08
end
0.3999997928619359
0.09999971671776978
-3.722539395304075e-08
end
0.4999999230264734
-0.10000007120379521
2.2550498935623812e-09
end
0.5999997160136832
0.10000012625196968
-5.649116003833748e-09
end
0.6999999583287437
-0.09999992069122965
-9.816256859338863e-09
end
0.7999999545531031
0.09999993462679234
-8.828602491625484e-09
end
0.8999998612205881
-0.09999976994157264
-2.8676733637935714e-08
end
0.9999999969670075
0.10000002722133439
1.5356245545587538e-09
end
1.0999998666486464
-0.0999997862241736
-2.680567434823551e-08
end
1.1999992304097808
0.10000036302877997
-1.47168028790976e-08
end
1.2999999999999678
-0.1
0.0
end
1.3999999999999568
0.1
0.0
end
1.4999999999999458
-0.1
0.0
end
1.5999999999999348
0.1
0.0
end
1.6999999999999238
-0.1
0.0
end
1.7999999999999128
0.1
0.0
end
1.8999999999999018
-0.1
0.0
end
1.9999999999998908
0.1
0.0
end
2.0999999999998797
-0.1
0.0
end
2.1999999999998687
0.1
0.0
end
