1.0310923973763693e-17
-0.1
0.0
end
1.0310923973763693e-17
0.1
0.0
end
0.09999979209659257
-0.09999992669764737
-2.0806951617625816e-08
end
0.19999959641473586
0.10000043027729295
1.8481714544824364e-08
end
0.29999948455341824
-0.10000050279464895
1.9542458664079387e-08
end
0.39999987539000537
0.1000001186552107
3.5881540354832903e-09
end
0.4999996118290278
-0.10000046796353569
2.2302560038284357e-08
end
0.5999995790947629
0.10000046072253307
2.0958470259369964e-08
end
0.6999994837762988
-0.10000058343538179
2.717507069668557e-08
end
0.7999997136216256
0.10000026612250151
9.099392469617473e-09
end
0.9000000000000008
-0.1
0.0
end
1.0000000000000009
0.1
0.0
end
1.0999999999999899
-0.1
0.0
end
1.1999999999999789
0.1
0.0
end
1.2999999999999678
-0.1
0.0
end
1.3999999999999568
0.1
0.0
end
1.4999999999999458
-0.1
0.0
end
1.5999999999999348
0.1
0.0
end
1.6999999999999238
-0.1
0.0
end
1.7999999999999128
0.1
0.0
end
1.8999999999999018
-0.1
0.0
end
1.9999999999998908
0.1
0.0
end
2.0999999999998797
-0.1
0.0
end
2.1999999999998687
0.1
0.0
end
