1.0310923973763693e-17
0.1
0.0
end
1.0310923973763693e-17
-0.1
0.0
end
0.10000000000000009
0.1
0.0
end
0.20000000000000018
-0.1
0.0
end
0.30000000000000027
0.1
0.0
end
0.40000000000000036
-0.1
0.0
end
0.5000000000000004
0.1
0.0
end
0.6000000000000005
-0.1
0.0
end
0.7000000000000006
0.1
0.0
end
0.8000000000000007
-0.1
0.0
end
0.9000000000000008
0.1
0.0
end
1.0000000000000009
-0.1
0.0
end
1.0999999999999899
0.1
0.0
end
1.1999999999999789
-0.1
0.0
end
1.2999999999999678
0.1
0.0
end
1.3999999999999568
-0.1
0.0
end
1.4999999999999458
0.1
0.0
end
1.5999999999999348
-0.1
0.0
end
1.6999999999999238
0.1
0.0
end
1.7999999999999128
-0.1
0.0
end
1.8999999999999018
0.1
0.0
end
