1.0310923973763693e-17 0.10163857612916291 -1.3877787807814457e-17
1.0310923973763693e-17 0.10163857612916291 -1.3877787807814457e-17
1.0310923973763693e-17 0.10163857612916291 -1.3877787807814457e-17
1.0310923973763693e-17 0.10163857612916291 -1.3877787807814457e-17
1.0310923973763693e-17 0.10163857612916291 -1.3877787807814457e-17
1.0310923973763693e-17 0.10163857612916291 -1.3877787807814457e-17
1.0310923973763693e-17 0.10163857612916291 -1.3877787807814457e-17
1.0310923973763693e-17 0.10163857612916291 -1.3877787807814457e-17
1.0310923973763693e-17 0.10163857612916291 -1.3877787807814457e-17
1.0310923973763693e-17 0.10163857612916291 -1.3877787807814457e-17
1.0310923973763693e-17 0.10163857612916291 -1.3877787807814457e-17
1.0310923973763693e-17 0.10163857612916291 -1.3877787807814457e-17
1.0310923973763693e-17 0.10163857612916291 -1.3877787807814457e-17
1.0310923973763693e-17 0.10163857612916291 -1.3877787807814457e-17
1.0310923973763693e-17 0.10163857612916291 -1.3877787807814457e-17
1.0310923973763693e-17 0.10163857612916291 -1.3877787807814457e-17
1.0310923973763693e-17 0.10163857612916291 -1.3877787807814457e-17
1.0310923973763693e-17 0.10163857612916291 -1.3877787807814457e-17
1.0310923973763693e-17 0.10163857612916291 -1.3877787807814457e-17
1.0310923973763693e-17 0.10163857612916291 -1.3877787807814457e-17
1.0310923973763693e-17 0.10163857612916291 -1.3877787807814457e-17
1.0310923973763693e-17 0.10163857612916291 -1.3877787807814457e-17
1.0310923973763693e-17 0.10163857612916291 -1.3877787807814457e-17
1.0310923973763693e-17 0.10163857612916291 -1.3877787807814457e-17
1.0310923973763693e-17 0.10163857612916291 -1.3877787807814457e-17
1.0310923973763693e-17 0.10163857612916291 -1.3877787807814457e-17
1.0310923973763693e-17 0.10163857612916291 -1.3877787807814457e-17
1.0310923973763693e-17 0.10163857612916291 -1.3877787807814457e-17
1.0310923973763693e-17 0.10163857612916291 -1.3877787807814457e-17
1.0310923973763693e-17 0.10163857612916291 -1.3877787807814457e-17
1.0310923973763693e-17 0.10163857612916291 -1.3877787807814457e-17
1.0310923973763693e-17 0.10163857612916291 -1.3877787807814457e-17
1.0310923973763693e-17 0.10163857612916291 -1.3877787807814457e-17
1.0310923973763693e-17 0.10163857612916291 -1.3877787807814457e-17
1.0310923973763693e-17 0.10163857612916291 -1.3877787807814457e-17
1.0310923973763693e-17 0.10163857612916291 -1.3877787807814457e-17
1.0310923973763693e-17 0.10163857612916291 -1.3877787807814457e-17
1.0310923973763693e-17 0.10163857612916291 -1.3877787807814457e-17
1.0310923973763693e-17 0.10163857612916291 -1.3877787807814457e-17
1.0310923973763693e-17 0.10163857612916291 -1.3877787807814457e-17
1.0310923973763693e-17 0.10163857612916291 -1.3877787807814457e-17
1.0310923973763693e-17 0.10163857612916291 -1.3877787807814457e-17
1.0310923973763693e-17 0.10163857612916291 -1.3877787807814457e-17
1.0310923973763693e-17 0.10163857612916291 -1.3877787807814457e-17
1.0310923973763693e-17 0.10163857612916291 -1.3877787807814457e-17
1.0310923973763693e-17 0.10163857612916291 -1.3877787807814457e-17
1.0310923973763693e-17 0.10163857612916291 -1.3877787807814457e-17
1.0310923973763693e-17 0.10163857612916291 -1.3877787807814457e-17
1.0310923973763693e-17 0.10163857612916291 -1.3877787807814457e-17
1.0310923973763693e-17 0.10163857612916291 -1.3877787807814457e-17
1.0310923973763693e-17 0.10163857612916291 -1.3877787807814457e-17
1.0310923973763693e-17 0.10163857612916291 -1.3877787807814457e-17
1.0310923973763693e-17 0.10163857612916291 -1.3877787807814457e-17
1.0310923973763693e-17 0.10163857612916291 -1.3877787807814457e-17
1.0310923973763693e-17 0.10163857612916291 -1.3877787807814457e-17
1.0310923973763693e-17 0.10163857612916291 -1.3877787807814457e-17
1.0310923973763693e-17 0.10163857612916291 -1.3877787807814457e-17
1.0310923973763693e-17 0.10163857612916291 -1.3877787807814457e-17
1.0310923973763693e-17 0.10163857612916291 -1.3877787807814457e-17
1.0310923973763693e-17 0.10163857612916291 -1.3877787807814457e-17
1.0310923973763693e-17 0.10163857612916291 -1.3877787807814457e-17
1.0310923973763693e-17 0.10163857612916291 -1.3877787807814457e-17
1.0310923973763693e-17 0.10163857612916291 -1.3877787807814457e-17
1.0310923973763693e-17 0.10163857612916291 -1.3877787807814457e-17
1.0310923973763693e-17 0.10163857612916291 -1.3877787807814457e-17
1.0310923973763693e-17 0.10163857612916291 -1.3877787807814457e-17
1.0310923973763693e-17 0.10163857612916291 -1.3877787807814457e-17
1.0310923973763693e-17 0.10163857612916291 -1.3877787807814457e-17
1.0310923973763693e-17 0.10163857612916291 -1.3877787807814457e-17
1.0310923973763693e-17 0.10163857612916291 -1.3877787807814457e-17
1.0310923973763693e-17 0.10163857612916291 -1.3877787807814457e-17
1.0310923973763693e-17 0.10163857612916291 -1.3877787807814457e-17
1.0310923973763693e-17 0.10163857612916291 -1.3877787807814457e-17
1.0310923973763693e-17 0.10163857612916291 -1.3877787807814457e-17
1.0310923973763693e-17 0.10163857612916291 -1.3877787807814457e-17
1.0310923973763693e-17 0.10163857612916291 -1.3877787807814457e-17
1.0310923973763693e-17 0.10163857612916291 -1.3877787807814457e-17
1.0310923973763693e-17 0.10163857612916291 -1.3877787807814457e-17
1.0310923973763693e-17 0.10163857612916291 -1.3877787807814457e-17
1.0310923973763693e-17 0.10163857612916291 -1.3877787807814457e-17
1.0310923973763693e-17 0.10163857612916291 -1.3877787807814457e-17
1.0310923973763693e-17 0.10163857612916291 -1.3877787807814457e-17
1.0310923973763693e-17 0.10163857612916291 -1.3877787807814457e-17
1.0310923973763693e-17 0.10163857612916291 -1.3877787807814457e-17
1.0310923973763693e-17 0.10163857612916291 -1.3877787807814457e-17
1.0310923973763693e-17 0.10163857612916291 -1.3877787807814457e-17
1.0310923973763693e-17 0.10163857612916291 -1.3877787807814457e-17
1.0310923973763693e-17 0.10163857612916291 -1.3877787807814457e-17
1.0310923973763693e-17 0.10163857612916291 -1.3877787807814457e-17
1.0310923973763693e-17 0.10163857612916291 -1.3877787807814457e-17
1.0310923973763693e-17 0.10163857612916291 -1.3877787807814457e-17
1.0310923973763693e-17 0.10163857612916291 -1.3877787807814457e-17
1.0310923973763693e-17 0.10163857612916291 -1.3877787807814457e-17
1.0310923973763693e-17 0.10163857612916291 -1.3877787807814457e-17
1.0310923973763693e-17 0.10163857612916291 -1.3877787807814457e-17
1.0310923973763693e-17 0.10163857612916291 -1.3877787807814457e-17
1.0310923973763693e-17 0.10163857612916291 -1.3877787807814457e-17
1.0310923973763693e-17 0.10163857612916291 -1.3877787807814457e-17
1.0310923973763693e-17 0.10163857612916291 -1.3877787807814457e-17
1.0310923973763693e-17 0.10163857612916291 -1.3877787807814457e-17
1.0310923973763693e-17 0.10163857612916291 -1.3877787807814457e-17
1.0310923973763693e-17 0.10163857612916291 -1.3877787807814457e-17
1.0310923973763693e-17 0.10163857612916291 -1.3877787807814457e-17
1.0310923973763693e-17 0.10163857612916291 -1.3877787807814457e-17
1.0310923973763693e-17 0.10163857612916291 -1.3877787807814457e-17
1.0310923973763693e-17 0.10163857612916291 -1.3877787807814457e-17
1.0310923973763693e-17 0.10163857612916291 -1.3877787807814457e-17
1.0310923973763693e-17 0.10163857612916291 -1.3877787807814457e-17
1.0310923973763693e-17 0.10163857612916291 -1.3877787807814457e-17
1.0310923973763693e-17 0.10163857612916291 -1.3877787807814457e-17
1.0310923973763693e-17 0.10163857612916291 -1.3877787807814457e-17
1.0310923973763693e-17 0.10163857612916291 -1.3877787807814457e-17
1.0310923973763693e-17 0.10163857612916291 -1.3877787807814457e-17
1.0310923973763693e-17 0.10163857612916291 -1.3877787807814457e-17
1.0310923973763693e-17 0.10163857612916291 -1.3877787807814457e-17
1.0310923973763693e-17 0.10163857612916291 -1.3877787807814457e-17
1.0310923973763693e-17 0.10163857612916291 -1.3877787807814457e-17
1.0310923973763693e-17 0.10163857612916291 -1.3877787807814457e-17
1.0310923973763693e-17 0.10163857612916291 -1.3877787807814457e-17
1.0310923973763693e-17 0.10163857612916291 -1.3877787807814457e-17
1.0310923973763693e-17 0.10163857612916291 -1.3877787807814457e-17
1.0310923973763693e-17 0.10163857612916291 -1.3877787807814457e-17
1.0310923973763693e-17 0.10163857612916291 -1.3877787807814457e-17
1.0310923973763693e-17 0.10163857612916291 -1.3877787807814457e-17
1.0310923973763693e-17 0.10163857612916291 -1.3877787807814457e-17
1.0310923973763693e-17 0.10163857612916291 -1.3877787807814457e-17
1.0310923973763693e-17 0.10163857612916291 -1.3877787807814457e-17
1.0310923973763693e-17 0.10163857612916291 -1.3877787807814457e-17
1.0310923973763693e-17 0.10163857612916291 -1.3877787807814457e-17
1.0310923973763693e-17 0.10163857612916291 -1.3877787807814457e-17
1.0310923973763693e-17 0.10163857612916291 -1.3877787807814457e-17
1.0310923973763693e-17 0.10163857612916291 -1.3877787807814457e-17
1.0310923973763693e-17 0.10163857612916291 -1.3877787807814457e-17
1.0310923973763693e-17 0.10163857612916291 -1.3877787807814457e-17
1.0310923973763693e-17 0.10163857612916291 -1.3877787807814457e-17
1.0310923973763693e-17 0.10163857612916291 -1.3877787807814457e-17
1.0310923973763693e-17 0.10163857612916291 -1.3877787807814457e-17
1.0310923973763693e-17 0.10163857612916291 -1.3877787807814457e-17
1.0310923973763693e-17 0.10163857612916291 -1.3877787807814457e-17
1.0310923973763693e-17 0.10163857612916291 -1.3877787807814457e-17
1.0310923973763693e-17 0.10163857612916291 -1.3877787807814457e-17
1.0310923973763693e-17 0.10163857612916291 -1.3877787807814457e-17
1.0310923973763693e-17 0.10163857612916291 -1.3877787807814457e-17
1.0310923973763693e-17 0.10163857612916291 -1.3877787807814457e-17
1.0310923973763693e-17 0.10163857612916291 -1.3877787807814457e-17
1.0310923973763693e-17 0.10163857612916291 -1.3877787807814457e-17
1.0310923973763693e-17 0.10163857612916291 -1.3877787807814457e-17
1.0310923973763693e-17 0.10163857612916291 -1.3877787807814457e-17
1.0310923973763693e-17 0.10163857612916291 -1.3877787807814457e-17
1.0310923973763693e-17 0.10163857612916291 -1.3877787807814457e-17
1.0310923973763693e-17 0.10163857612916291 -1.3877787807814457e-17
1.0310923973763693e-17 0.10163857612916291 -1.3877787807814457e-17
1.0310923973763693e-17 0.10163857612916291 -1.3877787807814457e-17
1.0310923973763693e-17 0.10163857612916291 -1.3877787807814457e-17
1.0310923973763693e-17 0.10163857612916291 -1.3877787807814457e-17
1.0310923973763693e-17 0.10163857612916291 -1.3877787807814457e-17
1.0310923973763693e-17 0.10163857612916291 -1.3877787807814457e-17
1.0310923973763693e-17 0.10163857612916291 -1.3877787807814457e-17
1.0310923973763693e-17 0.10163857612916291 -1.3877787807814457e-17
1.0310923973763693e-17 0.10163857612916291 -1.3877787807814457e-17
1.0310923973763693e-17 0.10163857612916291 -1.3877787807814457e-17
1.0310923973763693e-17 0.10163857612916291 -1.3877787807814457e-17
1.0310923973763693e-17 0.10163857612916291 -1.3877787807814457e-17
1.0310923973763693e-17 0.10163857612916291 -1.3877787807814457e-17
1.0310923973763693e-17 0.10163857612916291 -1.3877787807814457e-17
1.0310923973763693e-17 0.10163857612916291 -1.3877787807814457e-17
1.0310923973763693e-17 0.10163857612916291 -1.3877787807814457e-17
1.0310923973763693e-17 0.10163857612916291 -1.3877787807814457e-17
1.0310923973763693e-17 0.10163857612916291 -1.3877787807814457e-17
1.0310923973763693e-17 0.10163857612916291 -1.3877787807814457e-17
1.0310923973763693e-17 0.10163857612916291 -1.3877787807814457e-17
1.0310923973763693e-17 0.10163857612916291 -1.3877787807814457e-17
1.0310923973763693e-17 0.10163857612916291 -1.3877787807814457e-17
1.0310923973763693e-17 0.10163857612916291 -1.3877787807814457e-17
1.0310923973763693e-17 0.10163857612916291 -1.3877787807814457e-17
1.0310923973763693e-17 0.10163857612916291 -1.3877787807814457e-17
1.0310923973763693e-17 0.10163857612916291 -1.3877787807814457e-17
1.0310923973763693e-17 0.10163857612916291 -1.3877787807814457e-17
1.0310923973763693e-17 0.10163857612916291 -1.3877787807814457e-17
1.0310923973763693e-17 0.10163857612916291 -1.3877787807814457e-17
1.0310923973763693e-17 0.10163857612916291 -1.3877787807814457e-17
1.0310923973763693e-17 0.10163857612916291 -1.3877787807814457e-17
1.0310923973763693e-17 0.10163857612916291 -1.3877787807814457e-17
1.0310923973763693e-17 0.10163857612916291 -1.3877787807814457e-17
1.0310923973763693e-17 0.10163857612916291 -1.3877787807814457e-17
1.0310923973763693e-17 0.10163857612916291 -1.3877787807814457e-17
1.0310923973763693e-17 0.10163857612916291 -1.3877787807814457e-17
1.0310923973763693e-17 0.10163857612916291 -1.3877787807814457e-17
1.0310923973763693e-17 0.10163857612916291 -1.3877787807814457e-17
1.0310923973763693e-17 0.10163857612916291 -1.3877787807814457e-17
1.0310923973763693e-17 0.10163857612916291 -1.3877787807814457e-17
1.0310923973763693e-17 0.10163857612916291 -1.3877787807814457e-17
1.0310923973763693e-17 0.10163857612916291 -1.3877787807814457e-17
1.0310923973763693e-17 0.10163857612916291 -1.3877787807814457e-17
1.0310923973763693e-17 0.10163857612916291 -1.3877787807814457e-17
1.0310923973763693e-17 0.10163857612916291 -1.3877787807814457e-17
1.0310923973763693e-17 0.10163857612916291 -1.3877787807814457e-17
1.0310923973763693e-17 0.10163857612916291 -1.3877787807814457e-17
1.0310923973763693e-17 0.10163857612916291 -1.3877787807814457e-17
1.0310923973763693e-17 0.10163857612916291 -1.3877787807814457e-17
1.0310923973763693e-17 0.1 0.0
6.064139941691998e-05 0.1 6.345356101624323e-05
0.00024023323615161399 0.1 0.0002465106205747605
0.0005352769679300398 0.1 0.0005384556434818824
0.0009422740524781451 0.1 0.000928892961266139
0.0014577259475218774 0.1 0.001407746772178259
0.002078134110787184 0.1 0.00196526114119117
0.002800000000000012 0.1 0.0025919999999999997
0.0036198250728863104 0.1 0.003278847147022074
0.0045341107871720255 0.1 0.004017006247396917
0.005539358600583104 0.1 0.004798000832986255
0.006632069970845496 0.1 0.00561367430237401
0.007808746355685147 0.1 0.006456189920866304
0.009065889212828006 0.1 0.007318030820491461
0.010400000000000017 0.1 0.008192
0.011807580174927132 0.1 0.00907122032486464
0.013285131195335297 0.1 0.009949134527280298
0.014829154518950456 0.1 0.010819505206164096
0.016436151603498563 0.1 0.01167641482715535
0.018102623906705563 0.1 0.012514265722615575
0.019825072886297403 0.1 0.013327780091628487
0.021600000000000022 0.1 0.014112
0.02342390670553939 0.1 0.014862287380258223
0.025293294460641432 0.1 0.015574324031653479
0.0272046647230321 0.1 0.016244111620158264
0.029154518950437344 0.1 0.016867971678467306
0.031139358600583124 0.1 0.0174425456059975
0.033155685131195364 0.1 0.01796479466888796
0.03520000000000003 0.1 0.018431999999999997
0.037268804664723064 0.1 0.01884176259891711
0.03935860058309041 0.1 0.019192003331945026
0.04146588921282802 0.1 0.01948096293211162
0.04358717201166184 0.1 0.019707201999167007
0.04571895043731783 0.1 0.0198696009995835
0.0478577259475219 0.1 0.019967360266555594
0.050000000000000044 0.1 0.01999999999999999
0.05214227405247818 0.1 0.0199673602665556
0.05428104956268225 0.1 0.0198696009995835
0.056412827988338236 0.1 0.019707201999167007
0.058534110787172064 0.1 0.0194809629321116
0.06064139941690968 0.1 0.019192003331945026
0.06273119533527703 0.1 0.018841762598917122
0.06480000000000005 0.1 0.018432000000000004
0.06684431486880472 0.1 0.01796479466888795
0.06886064139941697 0.1 0.017442545605997506
0.07084548104956273 0.1 0.01686797167846729
0.072795335276968 0.1 0.016244111620158264
0.07470670553935865 0.1 0.015574324031653486
0.07657609329446072 0.1 0.014862287380258216
0.07840000000000007 0.1 0.014112000000000013
0.08017492711370268 0.1 0.013327780091628494
0.08189737609329452 0.1 0.012514265722615547
0.08356384839650152 0.1 0.01167641482715534
0.08517084548104963 0.1 0.01081950520616412
0.0867148688046648 0.1 0.009949134527280301
0.08819241982507296 0.1 0.009071220324864626
0.08960000000000007 0.1 0.008192000000000005
0.0909341107871721 0.1 0.007318030820491456
0.09219125364431492 0.1 0.006456189920866273
0.09336793002915457 0.1 0.005613674302374
0.09446064139941697 0.1 0.004798000832986288
0.09546588921282803 0.1 0.004017006247396898
0.09638017492711377 0.1 0.0032788471470220903
0.09720000000000006 0.1 0.0025920000000000387
0.0979218658892129 0.1 0.001965261141191166
0.0985422740524782 0.1 0.0014077467721782533
0.09905772594752196 0.1 0.0009288929612661367
0.09946472303207006 0.1 0.0005384556434818721
0.09975976676384846 0.1 0.00024651062057473583
0.09993935860058314 0.1 6.345356101622457e-05
0.10000000000000009 0.1 0.0
0.10000000000000009 0.1 0.0
0.10000000000000009 0.1 0.0
0.10000000000000009 0.1 0.0
0.10000000000000009 0.1 0.0
0.10000000000000009 0.1 0.0
0.10000000000000009 0.1 0.0
0.10000000000000009 0.1 0.0
0.10000000000000009 0.1 0.0
0.10000000000000009 0.1 0.0
0.10000000000000009 0.1 0.0
0.10000000000000009 0.1 0.0
0.10000000000000009 0.1 0.0
0.10000000000000009 0.1 0.0
0.10000000000000009 0.1 0.0
0.10000000000000009 0.1 0.0
0.10000000000000009 0.1 0.0
0.10000000000000009 0.1 0.0
0.10000000000000009 0.1 0.0
0.10000000000000009 0.1 0.0
0.10000000000000009 0.1 0.0
0.10000000000000009 0.1 0.0
0.10000000000000009 0.1 0.0
0.10000000000000009 0.1 0.0
0.10000000000000009 0.1 0.0
0.10000000000000009 0.1 0.0
0.10000000000000009 0.1 0.0
0.10000000000000009 0.1 0.0
0.10000000000000009 0.1 0.0
0.10000000000000009 0.1 0.0
0.10000000000000009 0.1 0.0
0.10000000000000009 0.1 0.0
0.10000000000000009 0.1 0.0
0.10000000000000009 0.1 0.0
0.10000000000000009 0.1 0.0
0.10000000000000009 0.1 0.0
0.10000000000000009 0.1 0.0
0.10000000000000009 0.1 0.0
0.10000000000000009 0.1 0.0
0.10000000000000009 0.1 0.0
0.10000000000000009 0.1 0.0
0.10000000000000009 0.1 0.0
0.10000000000000009 0.1 0.0
0.10000000000000009 0.1 0.0
0.10000000000000009 0.1 0.0
0.10000000000000009 0.1 0.0
0.10000000000000009 0.1 0.0
0.10000000000000009 0.1 0.0
0.10000000000000009 0.1 0.0
0.10000000000000009 0.1 0.0
0.10000000000000009 0.1 0.0
0.10000000000000009 0.1 0.0
0.10000000000000009 0.1 0.0
0.10000000000000009 0.1 0.0
0.10000000000000009 0.1 0.0
0.10000000000000009 0.1 0.0
0.10000000000000009 0.1 0.0
0.10000000000000009 0.1 0.0
0.10000000000000009 0.1 0.0
0.10000000000000009 0.1 0.0
0.10000000000000009 0.1 0.0
0.10000000000000009 0.1 0.0
0.10000000000000009 0.1 0.0
0.10000000000000009 0.1 0.0
0.10000000000000009 0.1 0.0
0.10000000000000009 0.1 0.0
0.10000000000000009 0.1 0.0
0.10000000000000009 0.1 0.0
0.10000000000000009 0.1 0.0
0.10000000000000009 0.1 0.0
0.10000000000000009 0.1 0.0
0.10000000000000009 0.1 0.0
0.10000000000000009 0.1 0.0
0.10000000000000009 0.1 0.0
0.10000000000000009 0.1 0.0
0.10000000000000009 0.1 0.0
0.10000000000000009 0.1 0.0
0.10000000000000009 0.1 0.0
0.10000000000000009 0.1 0.0
0.10000000000000009 0.1 0.0
0.10000000000000009 0.1 0.0
0.10000000000000009 0.1 0.0
0.10000000000000009 0.1 0.0
0.10000000000000009 0.1 0.0
0.10000000000000009 0.1 0.0
0.10000000000000009 0.1 0.0
0.10000000000000009 0.1 0.0
0.10000000000000009 0.1 0.0
0.10000000000000009 0.1 0.0
0.10000000000000009 0.1 0.0
0.10000000000000009 0.1 0.0
0.10000000000000009 0.1 0.0
0.10000000000000009 0.1 0.0
0.10000000000000009 0.1 0.0
0.10000000000000009 0.1 0.0
0.10000000000000009 0.1 0.0
0.10000000000000009 0.1 0.0
0.10000000000000009 0.1 0.0
0.10000000000000009 0.1 0.0
0.10000000000000009 0.1 0.0
0.10000000000000009 0.1 0.0
0.10000000000000009 0.1 0.0
0.10000000000000009 0.1 0.0
0.10000000000000009 0.1 0.0
0.10000000000000009 0.1 0.0
0.10000000000000009 0.1 0.0
0.10000000000000009 0.1 0.0
0.10000000000000009 0.1 0.0
0.10000000000000009 0.1 0.0
0.10000000000000009 0.1 0.0
0.10000000000000009 0.1 0.0
0.10000000000000009 0.1 0.0
0.10000000000000009 0.1 0.0
0.10000000000000009 0.1 0.0
0.10000000000000009 0.1 0.0
0.10000000000000009 0.1 0.0
0.10000000000000009 0.1 0.0
0.10000000000000009 0.1 0.0
0.10000000000000009 0.1 0.0
0.10000000000000009 0.1 0.0
0.10000000000000009 0.1 0.0
0.10000000000000009 0.1 0.0
0.10000000000000009 0.1 0.0
0.10000000000000009 0.1 0.0
0.10000000000000009 0.1 0.0
0.10000000000000009 0.1 0.0
0.10000000000000009 0.1 0.0
0.10000000000000009 0.1 0.0
0.10000000000000009 0.1 0.0
0.10000000000000009 0.1 0.0
0.10000000000000009 0.1 0.0
0.10012128279883391 0.1 6.345356101624323e-05
0.1004804664723033 0.1 0.0002465106205747605
0.10107055393586015 0.1 0.0005384556434818824
0.10188454810495635 0.1 0.000928892961266139
0.10291545189504382 0.1 0.001407746772178259
0.10415626822157444 0.1 0.00196526114119117
0.1056000000000001 0.1 0.0025919999999999997
0.10723965014577269 0.1 0.003278847147022074
0.10906822157434412 0.1 0.004017006247396917
0.11107871720116627 0.1 0.004798000832986255
0.11326413994169106 0.1 0.00561367430237401
0.11561749271137037 0.1 0.006456189920866304
0.11813177842565609 0.1 0.007318030820491461
0.1208000000000001 0.1 0.008192
0.12361516034985434 0.1 0.00907122032486464
0.12657026239067065 0.1 0.009949134527280298
0.129658309037901 0.1 0.010819505206164096
0.1328723032069972 0.1 0.01167641482715535
0.1362052478134112 0.1 0.012514265722615575
0.13965014577259488 0.1 0.013327780091628487
0.1432000000000001 0.1 0.014112
0.14684781341107886 0.1 0.014862287380258223
0.15058658892128293 0.1 0.015574324031653479
0.15440932944606428 0.1 0.016244111620158264
0.15830903790087478 0.1 0.016867971678467306
0.16227871720116632 0.1 0.0174425456059975
0.16631137026239082 0.1 0.01796479466888796
0.17040000000000016 0.1 0.018431999999999997
0.1745376093294462 0.1 0.01884176259891711
0.1787172011661809 0.1 0.019192003331945026
0.1829317784256561 0.1 0.01948096293211162
0.18717434402332378 0.1 0.019707201999167007
0.19143790087463575 0.1 0.0198696009995835
0.19571545189504388 0.1 0.019967360266555594
0.20000000000000018 0.1 0.01999999999999999
0.20428454810495644 0.1 0.0199673602665556
0.2085620991253646 0.1 0.0198696009995835
0.21282565597667658 0.1 0.019707201999167007
0.21706822157434422 0.1 0.0194809629321116
0.22128279883381946 0.1 0.019192003331945026
0.22546239067055412 0.1 0.018841762598917122
0.2296000000000002 0.1 0.018432000000000004
0.2336886297376095 0.1 0.01796479466888795
0.23772128279883403 0.1 0.017442545605997506
0.24169096209912555 0.1 0.01686797167846729
0.24559067055393607 0.1 0.016244111620158264
0.2494134110787174 0.1 0.015574324031653486
0.2531521865889215 0.1 0.014862287380258216
0.25680000000000025 0.1 0.014112000000000013
0.2603498542274054 0.1 0.013327780091628494
0.2637947521865891 0.1 0.012514265722615547
0.2671276967930031 0.1 0.01167641482715534
0.27034169096209937 0.1 0.01081950520616412
0.27342973760932965 0.1 0.009949134527280301
0.276384839650146 0.1 0.009071220324864626
0.2792000000000002 0.1 0.008192000000000005
0.2818682215743443 0.1 0.007318030820491456
0.2843825072886299 0.1 0.006456189920866273
0.2867358600583092 0.1 0.005613674302374
0.288921282798834 0.1 0.004798000832986288
0.29093177842565615 0.1 0.004017006247396898
0.2927603498542276 0.1 0.0032788471470220903
0.2944000000000002 0.1 0.0025920000000000387
0.2958437317784259 0.1 0.001965261141191166
0.2970845481049565 0.1 0.0014077467721782533
0.298115451895044 0.1 0.0009288929612661367
0.2989294460641402 0.1 0.0005384556434818721
0.299519533527697 0.1 0.00024651062057473583
0.2998787172011664 0.1 6.345356101622457e-05
0.30000000000000027 0.1 0.0
0.30000000000000027 0.1 0.0
0.30000000000000027 0.1 0.0
0.30000000000000027 0.1 0.0
0.30000000000000027 0.1 0.0
0.30000000000000027 0.1 0.0
0.30000000000000027 0.1 0.0
0.30000000000000027 0.1 0.0
0.30000000000000027 0.1 0.0
0.30000000000000027 0.1 0.0
0.30000000000000027 0.1 0.0
0.30000000000000027 0.1 0.0
0.30000000000000027 0.1 0.0
0.30000000000000027 0.1 0.0
0.30000000000000027 0.1 0.0
0.30000000000000027 0.1 0.0
0.30000000000000027 0.1 0.0
0.30000000000000027 0.1 0.0
0.30000000000000027 0.1 0.0
0.30000000000000027 0.1 0.0
0.30000000000000027 0.1 0.0
0.30000000000000027 0.1 0.0
0.30000000000000027 0.1 0.0
0.30000000000000027 0.1 0.0
0.30000000000000027 0.1 0.0
0.30000000000000027 0.1 0.0
0.30000000000000027 0.1 0.0
0.30000000000000027 0.1 0.0
0.30000000000000027 0.1 0.0
0.30000000000000027 0.1 0.0
0.30000000000000027 0.1 0.0
0.30000000000000027 0.1 0.0
0.30000000000000027 0.1 0.0
0.30000000000000027 0.1 0.0
0.30000000000000027 0.1 0.0
0.30000000000000027 0.1 0.0
0.30000000000000027 0.1 0.0
0.30000000000000027 0.1 0.0
0.30000000000000027 0.1 0.0
0.30000000000000027 0.1 0.0
0.30000000000000027 0.1 0.0
0.30000000000000027 0.1 0.0
0.30000000000000027 0.1 0.0
0.30000000000000027 0.1 0.0
0.30000000000000027 0.1 0.0
0.30000000000000027 0.1 0.0
0.30000000000000027 0.1 0.0
0.30000000000000027 0.1 0.0
0.30000000000000027 0.1 0.0
0.30000000000000027 0.1 0.0
0.30000000000000027 0.1 0.0
0.30000000000000027 0.1 0.0
0.30000000000000027 0.1 0.0
0.30000000000000027 0.1 0.0
0.30000000000000027 0.1 0.0
0.30000000000000027 0.1 0.0
0.30000000000000027 0.1 0.0
0.30000000000000027 0.1 0.0
0.30000000000000027 0.1 0.0
0.30000000000000027 0.1 0.0
0.30000000000000027 0.1 0.0
0.30000000000000027 0.1 0.0
0.30000000000000027 0.1 0.0
0.30000000000000027 0.1 0.0
0.30000000000000027 0.1 0.0
0.30000000000000027 0.1 0.0
0.30000000000000027 0.1 0.0
0.30000000000000027 0.1 0.0
0.30000000000000027 0.1 0.0
0.30000000000000027 0.1 0.0
0.30000000000000027 0.1 0.0
0.30000000000000027 0.1 0.0
0.30000000000000027 0.1 0.0
0.30000000000000027 0.1 0.0
0.30000000000000027 0.1 0.0
0.30000000000000027 0.1 0.0
0.30000000000000027 0.1 0.0
0.30000000000000027 0.1 0.0
0.30000000000000027 0.1 0.0
0.30000000000000027 0.1 0.0
0.30000000000000027 0.1 0.0
0.30000000000000027 0.1 0.0
0.30000000000000027 0.1 0.0
0.30000000000000027 0.1 0.0
0.30000000000000027 0.1 0.0
0.30000000000000027 0.1 0.0
0.30000000000000027 0.1 0.0
0.30000000000000027 0.1 0.0
0.30000000000000027 0.1 0.0
0.30000000000000027 0.1 0.0
0.30000000000000027 0.1 0.0
0.30000000000000027 0.1 0.0
0.30000000000000027 0.1 0.0
0.30000000000000027 0.1 0.0
0.30000000000000027 0.1 0.0
0.30000000000000027 0.1 0.0
0.30000000000000027 0.1 0.0
0.30000000000000027 0.1 0.0
0.30000000000000027 0.1 0.0
0.30000000000000027 0.1 0.0
0.30000000000000027 0.1 0.0
0.30000000000000027 0.1 0.0
0.30000000000000027 0.1 0.0
0.30000000000000027 0.1 0.0
0.30000000000000027 0.1 0.0
0.30000000000000027 0.1 0.0
0.30000000000000027 0.1 0.0
0.30000000000000027 0.1 0.0
0.30000000000000027 0.1 0.0
0.30000000000000027 0.1 0.0
0.30000000000000027 0.1 0.0
0.30000000000000027 0.1 0.0
0.30000000000000027 0.1 0.0
0.30000000000000027 0.1 0.0
0.30000000000000027 0.1 0.0
0.30000000000000027 0.1 0.0
0.30000000000000027 0.1 0.0
0.30000000000000027 0.1 0.0
0.30000000000000027 0.1 0.0
0.30000000000000027 0.1 0.0
0.30000000000000027 0.1 0.0
0.30000000000000027 0.1 0.0
0.30000000000000027 0.1 0.0
0.30000000000000027 0.1 0.0
0.30000000000000027 0.1 0.0
0.30000000000000027 0.1 0.0
0.30000000000000027 0.1 0.0
0.30000000000000027 0.1 0.0
0.30000000000000027 0.1 0.0
0.30000000000000027 0.1 0.0
0.30000000000000027 0.1 0.0
0.3001212827988341 0.1 6.345356101624323e-05
0.3004804664723035 0.1 0.0002465106205747605
0.30107055393586035 0.1 0.0005384556434818824
0.3018845481049565 0.1 0.000928892961266139
0.302915451895044 0.1 0.001407746772178259
0.3041562682215746 0.1 0.00196526114119117
0.30560000000000026 0.1 0.0025919999999999997
0.30723965014577287 0.1 0.003278847147022074
0.3090682215743443 0.1 0.004017006247396917
0.3110787172011665 0.1 0.004798000832986255
0.3132641399416912 0.1 0.00561367430237401
0.3156174927113705 0.1 0.006456189920866304
0.31813177842565626 0.1 0.007318030820491461
0.3208000000000003 0.1 0.008192
0.3236151603498545 0.1 0.00907122032486464
0.32657026239067083 0.1 0.009949134527280298
0.32965830903790116 0.1 0.010819505206164096
0.3328723032069974 0.1 0.01167641482715535
0.3362052478134114 0.1 0.012514265722615575
0.33965014577259506 0.1 0.013327780091628487
0.3432000000000003 0.1 0.014112
0.346847813411079 0.1 0.014862287380258223
0.35058658892128314 0.1 0.015574324031653479
0.35440932944606446 0.1 0.016244111620158264
0.3583090379008749 0.1 0.016867971678467306
0.3622787172011665 0.1 0.0174425456059975
0.366311370262391 0.1 0.01796479466888796
0.37040000000000034 0.1 0.018431999999999997
0.37453760932944635 0.1 0.01884176259891711
0.37871720116618107 0.1 0.019192003331945026
0.3829317784256563 0.1 0.01948096293211162
0.38717434402332396 0.1 0.019707201999167007
0.3914379008746359 0.1 0.0198696009995835
0.3957154518950441 0.1 0.019967360266555594
0.40000000000000036 0.1 0.01999999999999999
0.4042845481049566 0.1 0.0199673602665556
0.4085620991253648 0.1 0.0198696009995835
0.41282565597667675 0.1 0.019707201999167007
0.4170682215743444 0.1 0.0194809629321116
0.42128279883381964 0.1 0.019192003331945026
0.4254623906705543 0.1 0.018841762598917122
0.42960000000000037 0.1 0.018432000000000004
0.4336886297376097 0.1 0.01796479466888795
0.4377212827988342 0.1 0.017442545605997506
0.44169096209912573 0.1 0.01686797167846729
0.44559067055393625 0.1 0.016244111620158264
0.4494134110787176 0.1 0.015574324031653486
0.4531521865889217 0.1 0.014862287380258216
0.45680000000000043 0.1 0.014112000000000013
0.4603498542274056 0.1 0.013327780091628494
0.4637947521865893 0.1 0.012514265722615547
0.46712769679300326 0.1 0.01167641482715534
0.47034169096209955 0.1 0.01081950520616412
0.4734297376093298 0.1 0.009949134527280301
0.47638483965014616 0.1 0.009071220324864626
0.4792000000000004 0.1 0.008192000000000005
0.4818682215743445 0.1 0.007318030820491456
0.4843825072886301 0.1 0.006456189920866273
0.4867358600583094 0.1 0.005613674302374
0.4889212827988342 0.1 0.004798000832986288
0.49093177842565633 0.1 0.004017006247396898
0.4927603498542278 0.1 0.0032788471470220903
0.4944000000000004 0.1 0.0025920000000000387
0.49584373177842606 0.1 0.001965261141191166
0.49708454810495667 0.1 0.0014077467721782533
0.4981154518950442 0.1 0.0009288929612661367
0.49892944606414036 0.1 0.0005384556434818721
0.4995195335276972 0.1 0.00024651062057473583
0.49987871720116656 0.1 6.345356101622457e-05
0.5000000000000004 0.1 0.0
0.5000000000000004 0.1 0.0
0.5000000000000004 0.1 0.0
0.5000000000000004 0.1 0.0
0.5000000000000004 0.1 0.0
0.5000000000000004 0.1 0.0
0.5000000000000004 0.1 0.0
0.5000000000000004 0.1 0.0
0.5000000000000004 0.1 0.0
0.5000000000000004 0.1 0.0
0.5000000000000004 0.1 0.0
0.5000000000000004 0.1 0.0
0.5000000000000004 0.1 0.0
0.5000000000000004 0.1 0.0
0.5000000000000004 0.1 0.0
0.5000000000000004 0.1 0.0
0.5000000000000004 0.1 0.0
0.5000000000000004 0.1 0.0
0.5000000000000004 0.1 0.0
0.5000000000000004 0.1 0.0
0.5000000000000004 0.1 0.0
0.5000000000000004 0.1 0.0
0.5000000000000004 0.1 0.0
0.5000000000000004 0.1 0.0
0.5000000000000004 0.1 0.0
0.5000000000000004 0.1 0.0
0.5000000000000004 0.1 0.0
0.5000000000000004 0.1 0.0
0.5000000000000004 0.1 0.0
0.5000000000000004 0.1 0.0
0.5000000000000004 0.1 0.0
0.5000000000000004 0.1 0.0
0.5000000000000004 0.1 0.0
0.5000000000000004 0.1 0.0
0.5000000000000004 0.1 0.0
0.5000000000000004 0.1 0.0
0.5000000000000004 0.1 0.0
0.5000000000000004 0.1 0.0
0.5000000000000004 0.1 0.0
0.5000000000000004 0.1 0.0
0.5000000000000004 0.1 0.0
0.5000000000000004 0.1 0.0
0.5000000000000004 0.1 0.0
0.5000000000000004 0.1 0.0
0.5000000000000004 0.1 0.0
0.5000000000000004 0.1 0.0
0.5000000000000004 0.1 0.0
0.5000000000000004 0.1 0.0
0.5000000000000004 0.1 0.0
0.5000000000000004 0.1 0.0
0.5000000000000004 0.1 0.0
0.5000000000000004 0.1 0.0
0.5000000000000004 0.1 0.0
0.5000000000000004 0.1 0.0
0.5000000000000004 0.1 0.0
0.5000000000000004 0.1 0.0
0.5000000000000004 0.1 0.0
0.5000000000000004 0.1 0.0
0.5000000000000004 0.1 0.0
0.5000000000000004 0.1 0.0
0.5000000000000004 0.1 0.0
0.5000000000000004 0.1 0.0
0.5000000000000004 0.1 0.0
0.5000000000000004 0.1 0.0
0.5000000000000004 0.1 0.0
0.5000000000000004 0.1 0.0
0.5000000000000004 0.1 0.0
0.5000000000000004 0.1 0.0
0.5000000000000004 0.1 0.0
0.5000000000000004 0.1 0.0
0.5000000000000004 0.1 0.0
0.5000000000000004 0.1 0.0
0.5000000000000004 0.1 0.0
0.5000000000000004 0.1 0.0
0.5000000000000004 0.1 0.0
0.5000000000000004 0.1 0.0
0.5000000000000004 0.1 0.0
0.5000000000000004 0.1 0.0
0.5000000000000004 0.1 0.0
0.5000000000000004 0.1 0.0
0.5000000000000004 0.1 0.0
0.5000000000000004 0.1 0.0
0.5000000000000004 0.1 0.0
0.5000000000000004 0.1 0.0
0.5000000000000004 0.1 0.0
0.5000000000000004 0.1 0.0
0.5000000000000004 0.1 0.0
0.5000000000000004 0.1 0.0
0.5000000000000004 0.1 0.0
0.5000000000000004 0.1 0.0
0.5000000000000004 0.1 0.0
0.5000000000000004 0.1 0.0
0.5000000000000004 0.1 0.0
0.5000000000000004 0.1 0.0
0.5000000000000004 0.1 0.0
0.5000000000000004 0.1 0.0
0.5000000000000004 0.1 0.0
0.5000000000000004 0.1 0.0
0.5000000000000004 0.1 0.0
0.5000000000000004 0.1 0.0
0.5000000000000004 0.1 0.0
0.5000000000000004 0.1 0.0
0.5000000000000004 0.1 0.0
0.5000000000000004 0.1 0.0
0.5000000000000004 0.1 0.0
0.5000000000000004 0.1 0.0
0.5000000000000004 0.1 0.0
0.5000000000000004 0.1 0.0
0.5000000000000004 0.1 0.0
0.5000000000000004 0.1 0.0
0.5000000000000004 0.1 0.0
0.5000000000000004 0.1 0.0
0.5000000000000004 0.1 0.0
0.5000000000000004 0.1 0.0
0.5000000000000004 0.1 0.0
0.5000000000000004 0.1 0.0
0.5000000000000004 0.1 0.0
0.5000000000000004 0.1 0.0
0.5000000000000004 0.1 0.0
0.5000000000000004 0.1 0.0
0.5000000000000004 0.1 0.0
0.5000000000000004 0.1 0.0
0.5000000000000004 0.1 0.0
0.5000000000000004 0.1 0.0
0.5000000000000004 0.1 0.0
0.5000000000000004 0.1 0.0
0.5000000000000004 0.1 0.0
0.5000000000000004 0.1 0.0
0.5000000000000004 0.1 0.0
0.5000000000000004 0.1 0.0
0.5000000000000004 0.1 0.0
0.5001212827988343 0.1 6.345356101624323e-05
0.5004804664723036 0.1 0.0002465106205747605
0.5010705539358605 0.1 0.0005384556434818824
0.5018845481049568 0.1 0.000928892961266139
0.5029154518950442 0.1 0.001407746772178259
0.5041562682215748 0.1 0.00196526114119117
0.5056000000000005 0.1 0.0025919999999999997
0.507239650145773 0.1 0.003278847147022074
0.5090682215743445 0.1 0.004017006247396917
0.5110787172011666 0.1 0.004798000832986255
0.5132641399416914 0.1 0.00561367430237401
0.5156174927113707 0.1 0.006456189920866304
0.5181317784256564 0.1 0.007318030820491461
0.5208000000000005 0.1 0.008192
0.5236151603498547 0.1 0.00907122032486464
0.5265702623906711 0.1 0.009949134527280298
0.5296583090379013 0.1 0.010819505206164096
0.5328723032069975 0.1 0.01167641482715535
0.5362052478134116 0.1 0.012514265722615575
0.5396501457725952 0.1 0.013327780091628487
0.5432000000000005 0.1 0.014112
0.5468478134110792 0.1 0.014862287380258223
0.5505865889212833 0.1 0.015574324031653479
0.5544093294460646 0.1 0.016244111620158264
0.5583090379008752 0.1 0.016867971678467306
0.5622787172011667 0.1 0.0174425456059975
0.5663113702623912 0.1 0.01796479466888796
0.5704000000000005 0.1 0.018431999999999997
0.5745376093294465 0.1 0.01884176259891711
0.5787172011661813 0.1 0.019192003331945026
0.5829317784256565 0.1 0.01948096293211162
0.5871743440233241 0.1 0.019707201999167007
0.5914379008746361 0.1 0.0198696009995835
0.5957154518950443 0.1 0.019967360266555594
0.6000000000000005 0.1 0.01999999999999999
0.6042845481049568 0.1 0.0199673602665556
0.608562099125365 0.1 0.0198696009995835
0.6128256559766769 0.1 0.019707201999167007
0.6170682215743446 0.1 0.0194809629321116
0.6212827988338198 0.1 0.019192003331945026
0.6254623906705545 0.1 0.018841762598917122
0.6296000000000006 0.1 0.018432000000000004
0.6336886297376099 0.1 0.01796479466888795
0.6377212827988343 0.1 0.017442545605997506
0.6416909620991259 0.1 0.01686797167846729
0.6455906705539365 0.1 0.016244111620158264
0.6494134110787178 0.1 0.015574324031653486
0.6531521865889218 0.1 0.014862287380258216
0.6568000000000006 0.1 0.014112000000000013
0.6603498542274058 0.1 0.013327780091628494
0.6637947521865895 0.1 0.012514265722615547
0.6671276967930034 0.1 0.01167641482715534
0.6703416909620997 0.1 0.01081950520616412
0.67342973760933 0.1 0.009949134527280301
0.6763848396501464 0.1 0.009071220324864626
0.6792000000000006 0.1 0.008192000000000005
0.6818682215743447 0.1 0.007318030820491456
0.6843825072886303 0.1 0.006456189920866273
0.6867358600583096 0.1 0.005613674302374
0.6889212827988344 0.1 0.004798000832986288
0.6909317784256566 0.1 0.004017006247396898
0.692760349854228 0.1 0.0032788471470220903
0.6944000000000006 0.1 0.0025920000000000387
0.6958437317784263 0.1 0.001965261141191166
0.6970845481049568 0.1 0.0014077467721782533
0.6981154518950443 0.1 0.0009288929612661367
0.6989294460641405 0.1 0.0005384556434818721
0.6995195335276974 0.1 0.00024651062057473583
0.6998787172011667 0.1 6.345356101622457e-05
0.7000000000000006 0.1 0.0
0.7000000000000006 0.1 0.0
0.7000000000000006 0.1 0.0
0.7000000000000006 0.1 0.0
0.7000000000000006 0.1 0.0
0.7000000000000006 0.1 0.0
0.7000000000000006 0.1 0.0
0.7000000000000006 0.1 0.0
0.7000000000000006 0.1 0.0
0.7000000000000006 0.1 0.0
0.7000000000000006 0.1 0.0
0.7000000000000006 0.1 0.0
0.7000000000000006 0.1 0.0
0.7000000000000006 0.1 0.0
0.7000000000000006 0.1 0.0
0.7000000000000006 0.1 0.0
0.7000000000000006 0.1 0.0
0.7000000000000006 0.1 0.0
0.7000000000000006 0.1 0.0
0.7000000000000006 0.1 0.0
0.7000000000000006 0.1 0.0
0.7000000000000006 0.1 0.0
0.7000000000000006 0.1 0.0
0.7000000000000006 0.1 0.0
0.7000000000000006 0.1 0.0
0.7000000000000006 0.1 0.0
0.7000000000000006 0.1 0.0
0.7000000000000006 0.1 0.0
0.7000000000000006 0.1 0.0
0.7000000000000006 0.1 0.0
0.7000000000000006 0.1 0.0
0.7000000000000006 0.1 0.0
0.7000000000000006 0.1 0.0
0.7000000000000006 0.1 0.0
0.7000000000000006 0.1 0.0
0.7000000000000006 0.1 0.0
0.7000000000000006 0.1 0.0
0.7000000000000006 0.1 0.0
0.7000000000000006 0.1 0.0
0.7000000000000006 0.1 0.0
0.7000000000000006 0.1 0.0
0.7000000000000006 0.1 0.0
0.7000000000000006 0.1 0.0
0.7000000000000006 0.1 0.0
0.7000000000000006 0.1 0.0
0.7000000000000006 0.1 0.0
0.7000000000000006 0.1 0.0
0.7000000000000006 0.1 0.0
0.7000000000000006 0.1 0.0
0.7000000000000006 0.1 0.0
0.7000000000000006 0.1 0.0
0.7000000000000006 0.1 0.0
0.7000000000000006 0.1 0.0
0.7000000000000006 0.1 0.0
0.7000000000000006 0.1 0.0
0.7000000000000006 0.1 0.0
0.7000000000000006 0.1 0.0
0.7000000000000006 0.1 0.0
0.7000000000000006 0.1 0.0
0.7000000000000006 0.1 0.0
0.7000000000000006 0.1 0.0
0.7000000000000006 0.1 0.0
0.7000000000000006 0.1 0.0
0.7000000000000006 0.1 0.0
0.7000000000000006 0.1 0.0
0.7000000000000006 0.1 0.0
0.7000000000000006 0.1 0.0
0.7000000000000006 0.1 0.0
0.7000000000000006 0.1 0.0
0.7000000000000006 0.1 0.0
0.7000000000000006 0.1 0.0
0.7000000000000006 0.1 0.0
0.7000000000000006 0.1 0.0
0.7000000000000006 0.1 0.0
0.7000000000000006 0.1 0.0
0.7000000000000006 0.1 0.0
0.7000000000000006 0.1 0.0
0.7000000000000006 0.1 0.0
0.7000000000000006 0.1 0.0
0.7000000000000006 0.1 0.0
0.7000000000000006 0.1 0.0
0.7000000000000006 0.1 0.0
0.7000000000000006 0.1 0.0
0.7000000000000006 0.1 0.0
0.7000000000000006 0.1 0.0
0.7000000000000006 0.1 0.0
0.7000000000000006 0.1 0.0
0.7000000000000006 0.1 0.0
0.7000000000000006 0.1 0.0
0.7000000000000006 0.1 0.0
0.7000000000000006 0.1 0.0
0.7000000000000006 0.1 0.0
0.7000000000000006 0.1 0.0
0.7000000000000006 0.1 0.0
0.7000000000000006 0.1 0.0
0.7000000000000006 0.1 0.0
0.7000000000000006 0.1 0.0
0.7000000000000006 0.1 0.0
0.7000000000000006 0.1 0.0
0.7000000000000006 0.1 0.0
0.7000000000000006 0.1 0.0
0.7000000000000006 0.1 0.0
0.7000000000000006 0.1 0.0
0.7000000000000006 0.1 0.0
0.7000000000000006 0.1 0.0
0.7000000000000006 0.1 0.0
0.7000000000000006 0.1 0.0
0.7000000000000006 0.1 0.0
0.7000000000000006 0.1 0.0
0.7000000000000006 0.1 0.0
0.7000000000000006 0.1 0.0
0.7000000000000006 0.1 0.0
0.7000000000000006 0.1 0.0
0.7000000000000006 0.1 0.0
0.7000000000000006 0.1 0.0
0.7000000000000006 0.1 0.0
0.7000000000000006 0.1 0.0
0.7000000000000006 0.1 0.0
0.7000000000000006 0.1 0.0
0.7000000000000006 0.1 0.0
0.7000000000000006 0.1 0.0
0.7000000000000006 0.1 0.0
0.7000000000000006 0.1 0.0
0.7000000000000006 0.1 0.0
0.7000000000000006 0.1 0.0
0.7000000000000006 0.1 0.0
0.7000000000000006 0.1 0.0
0.7000000000000006 0.1 0.0
0.7000000000000006 0.1 0.0
0.7000000000000006 0.1 0.0
0.7000000000000006 0.1 0.0
0.7001212827988345 0.1 6.345356101624323e-05
0.7004804664723038 0.1 0.0002465106205747605
0.7010705539358607 0.1 0.0005384556434818824
0.7018845481049569 0.1 0.000928892961266139
0.7029154518950443 0.1 0.001407746772178259
0.704156268221575 0.1 0.00196526114119117
0.7056000000000007 0.1 0.0025919999999999997
0.7072396501457732 0.1 0.003278847147022074
0.7090682215743447 0.1 0.004017006247396917
0.7110787172011668 0.1 0.004798000832986255
0.7132641399416916 0.1 0.00561367430237401
0.7156174927113709 0.1 0.006456189920866304
0.7181317784256566 0.1 0.007318030820491461
0.7208000000000007 0.1 0.008192
0.7236151603498548 0.1 0.00907122032486464
0.7265702623906712 0.1 0.009949134527280298
0.7296583090379015 0.1 0.010819505206164096
0.7328723032069977 0.1 0.01167641482715535
0.7362052478134118 0.1 0.012514265722615575
0.7396501457725954 0.1 0.013327780091628487
0.7432000000000006 0.1 0.014112
0.7468478134110794 0.1 0.014862287380258223
0.7505865889212835 0.1 0.015574324031653479
0.7544093294460648 0.1 0.016244111620158264
0.7583090379008753 0.1 0.016867971678467306
0.7622787172011669 0.1 0.0174425456059975
0.7663113702623914 0.1 0.01796479466888796
0.7704000000000006 0.1 0.018431999999999997
0.7745376093294467 0.1 0.01884176259891711
0.7787172011661815 0.1 0.019192003331945026
0.7829317784256566 0.1 0.01948096293211162
0.7871743440233243 0.1 0.019707201999167007
0.7914379008746363 0.1 0.0198696009995835
0.7957154518950444 0.1 0.019967360266555594
0.8000000000000007 0.1 0.01999999999999999
0.804284548104957 0.1 0.0199673602665556
0.8085620991253651 0.1 0.0198696009995835
0.8128256559766771 0.1 0.019707201999167007
0.8170682215743448 0.1 0.0194809629321116
0.8212827988338199 0.1 0.019192003331945026
0.8254623906705547 0.1 0.018841762598917122
0.8296000000000008 0.1 0.018432000000000004
0.83368862973761 0.1 0.01796479466888795
0.8377212827988345 0.1 0.017442545605997506
0.8416909620991261 0.1 0.01686797167846729
0.8455906705539367 0.1 0.016244111620158264
0.8494134110787179 0.1 0.015574324031653486
0.853152186588922 0.1 0.014862287380258216
0.8568000000000008 0.1 0.014112000000000013
0.860349854227406 0.1 0.013327780091628494
0.8637947521865896 0.1 0.012514265722615547
0.8671276967930036 0.1 0.01167641482715534
0.8703416909620999 0.1 0.01081950520616412
0.8734297376093302 0.1 0.009949134527280301
0.8763848396501466 0.1 0.009071220324864626
0.8792000000000008 0.1 0.008192000000000005
0.8818682215743449 0.1 0.007318030820491456
0.8843825072886304 0.1 0.006456189920866273
0.8867358600583097 0.1 0.005613674302374
0.8889212827988345 0.1 0.004798000832986288
0.8909317784256567 0.1 0.004017006247396898
0.8927603498542281 0.1 0.0032788471470220903
0.8944000000000007 0.1 0.0025920000000000387
0.8958437317784265 0.1 0.001965261141191166
0.897084548104957 0.1 0.0014077467721782533
0.8981154518950445 0.1 0.0009288929612661367
0.8989294460641407 0.1 0.0005384556434818721
0.8995195335276975 0.1 0.00024651062057473583
0.8998787172011669 0.1 6.345356101622457e-05
0.9000000000000008 0.1 0.0
0.9000000000000008 0.1 0.0
0.9000000000000008 0.1 0.0
0.9000000000000008 0.1 0.0
0.9000000000000008 0.1 0.0
0.9000000000000008 0.1 0.0
0.9000000000000008 0.1 0.0
0.9000000000000008 0.1 0.0
0.9000000000000008 0.1 0.0
0.9000000000000008 0.1 0.0
0.9000000000000008 0.1 0.0
0.9000000000000008 0.1 0.0
0.9000000000000008 0.1 0.0
0.9000000000000008 0.1 0.0
0.9000000000000008 0.1 0.0
0.9000000000000008 0.1 0.0
0.9000000000000008 0.1 0.0
0.9000000000000008 0.1 0.0
0.9000000000000008 0.1 0.0
0.9000000000000008 0.1 0.0
0.9000000000000008 0.1 0.0
0.9000000000000008 0.1 0.0
0.9000000000000008 0.1 0.0
0.9000000000000008 0.1 0.0
0.9000000000000008 0.1 0.0
0.9000000000000008 0.1 0.0
0.9000000000000008 0.1 0.0
0.9000000000000008 0.1 0.0
0.9000000000000008 0.1 0.0
0.9000000000000008 0.1 0.0
0.9000000000000008 0.1 0.0
0.9000000000000008 0.1 0.0
0.9000000000000008 0.1 0.0
0.9000000000000008 0.1 0.0
0.9000000000000008 0.1 0.0
0.9000000000000008 0.1 0.0
0.9000000000000008 0.1 0.0
0.9000000000000008 0.1 0.0
0.9000000000000008 0.1 0.0
0.9000000000000008 0.1 0.0
0.9000000000000008 0.1 0.0
0.9000000000000008 0.1 0.0
0.9000000000000008 0.1 0.0
0.9000000000000008 0.1 0.0
0.9000000000000008 0.1 0.0
0.9000000000000008 0.1 0.0
0.9000000000000008 0.1 0.0
0.9000000000000008 0.1 0.0
0.9000000000000008 0.1 0.0
0.9000000000000008 0.1 0.0
0.9000000000000008 0.1 0.0
0.9000000000000008 0.1 0.0
0.9000000000000008 0.1 0.0
0.9000000000000008 0.1 0.0
0.9000000000000008 0.1 0.0
0.9000000000000008 0.1 0.0
0.9000000000000008 0.1 0.0
0.9000000000000008 0.1 0.0
0.9000000000000008 0.1 0.0
0.9000000000000008 0.1 0.0
0.9000000000000008 0.1 0.0
0.9000000000000008 0.1 0.0
0.9000000000000008 0.1 0.0
0.9000000000000008 0.1 0.0
0.9000000000000008 0.1 0.0
0.9000000000000008 0.1 0.0
0.9000000000000008 0.1 0.0
0.9000000000000008 0.1 0.0
0.9000000000000008 0.1 0.0
0.9000000000000008 0.1 0.0
0.9000000000000008 0.1 0.0
0.9000000000000008 0.1 0.0
0.9000000000000008 0.1 0.0
0.9000000000000008 0.1 0.0
0.9000000000000008 0.1 0.0
0.9000000000000008 0.1 0.0
0.9000000000000008 0.1 0.0
0.9000000000000008 0.1 0.0
0.9000000000000008 0.1 0.0
0.9000000000000008 0.1 0.0
0.9000000000000008 0.1 0.0
0.9000000000000008 0.1 0.0
0.9000000000000008 0.1 0.0
0.9000000000000008 0.1 0.0
0.9000000000000008 0.1 0.0
0.9000000000000008 0.1 0.0
0.9000000000000008 0.1 0.0
0.9000000000000008 0.1 0.0
0.9000000000000008 0.1 0.0
0.9000000000000008 0.1 0.0
0.9000000000000008 0.1 0.0
0.9000000000000008 0.1 0.0
0.9000000000000008 0.1 0.0
0.9000000000000008 0.1 0.0
0.9000000000000008 0.1 0.0
0.9000000000000008 0.1 0.0
0.9000000000000008 0.1 0.0
0.9000000000000008 0.1 0.0
0.9000000000000008 0.1 0.0
0.9000000000000008 0.1 0.0
0.9000000000000008 0.1 0.0
0.9000000000000008 0.1 0.0
0.9000000000000008 0.1 0.0
0.9000000000000008 0.1 0.0
0.9000000000000008 0.1 0.0
0.9000000000000008 0.1 0.0
0.9000000000000008 0.1 0.0
0.9000000000000008 0.1 0.0
0.9000000000000008 0.1 0.0
0.9000000000000008 0.1 0.0
0.9000000000000008 0.1 0.0
0.9000000000000008 0.1 0.0
0.9000000000000008 0.1 0.0
0.9000000000000008 0.1 0.0
0.9000000000000008 0.1 0.0
0.9000000000000008 0.1 0.0
0.9000000000000008 0.1 0.0
0.9000000000000008 0.1 0.0
0.9000000000000008 0.1 0.0
0.9000000000000008 0.1 0.0
0.9000000000000008 0.1 0.0
0.9000000000000008 0.1 0.0
0.9000000000000008 0.1 0.0
0.9000000000000008 0.1 0.0
0.9000000000000008 0.1 0.0
0.9000000000000008 0.1 0.0
0.9000000000000008 0.1 0.0
0.9000000000000008 0.1 0.0
0.9000000000000008 0.1 0.0
0.9000000000000008 0.1 0.0
0.9000000000000008 0.1 0.0
0.9001212827988346 0.1 6.345356101624323e-05
0.900480466472304 0.1 0.0002465106205747605
0.9010705539358608 0.1 0.0005384556434818824
0.901884548104957 0.1 0.000928892961266139
0.9029154518950444 0.1 0.001407746772178259
0.9041562682215749 0.1 0.00196526114119117
0.9056000000000005 0.1 0.0025919999999999997
0.907239650145773 0.1 0.003278847147022074
0.9090682215743443 0.1 0.004017006247396917
0.9110787172011664 0.1 0.004798000832986255
0.9132641399416911 0.1 0.00561367430237401
0.9156174927113702 0.1 0.006456189920866304
0.9181317784256557 0.1 0.007318030820491461
0.9207999999999996 0.1 0.008192
0.9236151603498537 0.1 0.00907122032486464
0.9265702623906699 0.1 0.009949134527280298
0.9296583090379 0.1 0.010819505206164096
0.9328723032069961 0.1 0.01167641482715535
0.9362052478134099 0.1 0.012514265722615575
0.9396501457725934 0.1 0.013327780091628487
0.9431999999999985 0.1 0.014112
0.9468478134110769 0.1 0.014862287380258223
0.9505865889212808 0.1 0.015574324031653479
0.9544093294460619 0.1 0.016244111620158264
0.9583090379008723 0.1 0.016867971678467306
0.9622787172011635 0.1 0.0174425456059975
0.9663113702623879 0.1 0.01796479466888796
0.9703999999999969 0.1 0.018431999999999997
0.9745376093294428 0.1 0.01884176259891711
0.9787172011661772 0.1 0.019192003331945026
0.9829317784256523 0.1 0.01948096293211162
0.9871743440233196 0.1 0.019707201999167007
0.9914379008746314 0.1 0.0198696009995835
0.9957154518950393 0.1 0.019967360266555594
0.9999999999999953 0.1 0.01999999999999999
1.0042845481049514 0.1 0.0199673602665556
1.0085620991253592 0.1 0.0198696009995835
1.012825655976671 0.1 0.019707201999167007
1.0170682215743385 0.1 0.0194809629321116
1.0212827988338133 0.1 0.019192003331945026
1.0254623906705478 0.1 0.018841762598917122
1.0295999999999936 0.1 0.018432000000000004
1.033688629737603 0.1 0.01796479466888795
1.0377212827988271 0.1 0.017442545605997506
1.0416909620991184 0.1 0.01686797167846729
1.0455906705539286 0.1 0.016244111620158264
1.04941341107871 0.1 0.015574324031653486
1.0531521865889137 0.1 0.014862287380258216
1.0567999999999922 0.1 0.014112000000000013
1.0603498542273972 0.1 0.013327780091628494
1.0637947521865807 0.1 0.012514265722615547
1.0671276967929946 0.1 0.01167641482715534
1.0703416909620906 0.1 0.01081950520616412
1.0734297376093207 0.1 0.009949134527280301
1.076384839650137 0.1 0.009071220324864626
1.079199999999991 0.1 0.008192000000000005
1.081868221574335 0.1 0.007318030820491456
1.0843825072886204 0.1 0.006456189920866273
1.0867358600582997 0.1 0.005613674302374
1.0889212827988242 0.1 0.004798000832986288
1.0909317784256463 0.1 0.004017006247396898
1.0927603498542175 0.1 0.0032788471470220903
1.09439999999999 0.1 0.0025920000000000387
1.0958437317784158 0.1 0.001965261141191166
1.0970845481049463 0.1 0.0014077467721782533
1.0981154518950338 0.1 0.0009288929612661367
1.09892944606413 0.1 0.0005384556434818721
1.0995195335276866 0.1 0.00024651062057473583
1.099878717201156 0.1 6.345356101622457e-05
1.0999999999999899 0.1 0.0
1.0999999999999899 0.1 0.0
1.0999999999999899 0.1 0.0
1.0999999999999899 0.1 0.0
1.0999999999999899 0.1 0.0
1.0999999999999899 0.1 0.0
1.0999999999999899 0.1 0.0
1.0999999999999899 0.1 0.0
1.0999999999999899 0.1 0.0
1.0999999999999899 0.1 0.0
1.0999999999999899 0.1 0.0
1.0999999999999899 0.1 0.0
1.0999999999999899 0.1 0.0
1.0999999999999899 0.1 0.0
1.0999999999999899 0.1 0.0
1.0999999999999899 0.1 0.0
1.0999999999999899 0.1 0.0
1.0999999999999899 0.1 0.0
1.0999999999999899 0.1 0.0
1.0999999999999899 0.1 0.0
1.0999999999999899 0.1 0.0
1.0999999999999899 0.1 0.0
1.0999999999999899 0.1 0.0
1.0999999999999899 0.1 0.0
1.0999999999999899 0.1 0.0
1.0999999999999899 0.1 0.0
1.0999999999999899 0.1 0.0
1.0999999999999899 0.1 0.0
1.0999999999999899 0.1 0.0
1.0999999999999899 0.1 0.0
1.0999999999999899 0.1 0.0
1.0999999999999899 0.1 0.0
1.0999999999999899 0.1 0.0
1.0999999999999899 0.1 0.0
1.0999999999999899 0.1 0.0
1.0999999999999899 0.1 0.0
1.0999999999999899 0.1 0.0
1.0999999999999899 0.1 0.0
1.0999999999999899 0.1 0.0
1.0999999999999899 0.1 0.0
1.0999999999999899 0.1 0.0
1.0999999999999899 0.1 0.0
1.0999999999999899 0.1 0.0
1.0999999999999899 0.1 0.0
1.0999999999999899 0.1 0.0
1.0999999999999899 0.1 0.0
1.0999999999999899 0.1 0.0
1.0999999999999899 0.1 0.0
1.0999999999999899 0.1 0.0
1.0999999999999899 0.1 0.0
1.0999999999999899 0.1 0.0
1.0999999999999899 0.1 0.0
1.0999999999999899 0.1 0.0
1.0999999999999899 0.1 0.0
1.0999999999999899 0.1 0.0
1.0999999999999899 0.1 0.0
1.0999999999999899 0.1 0.0
1.0999999999999899 0.1 0.0
1.0999999999999899 0.1 0.0
1.0999999999999899 0.1 0.0
1.0999999999999899 0.1 0.0
1.0999999999999899 0.1 0.0
1.0999999999999899 0.1 0.0
1.0999999999999899 0.1 0.0
1.0999999999999899 0.1 0.0
1.0999999999999899 0.1 0.0
1.0999999999999899 0.1 0.0
1.0999999999999899 0.1 0.0
1.0999999999999899 0.1 0.0
1.0999999999999899 0.1 0.0
1.0999999999999899 0.1 0.0
1.0999999999999899 0.1 0.0
1.0999999999999899 0.1 0.0
1.0999999999999899 0.1 0.0
1.0999999999999899 0.1 0.0
1.0999999999999899 0.1 0.0
1.0999999999999899 0.1 0.0
1.0999999999999899 0.1 0.0
1.0999999999999899 0.1 0.0
1.0999999999999899 0.1 0.0
1.0999999999999899 0.1 0.0
1.0999999999999899 0.1 0.0
1.0999999999999899 0.1 0.0
1.0999999999999899 0.1 0.0
1.0999999999999899 0.1 0.0
1.0999999999999899 0.1 0.0
1.0999999999999899 0.1 0.0
1.0999999999999899 0.1 0.0
1.0999999999999899 0.1 0.0
1.0999999999999899 0.1 0.0
1.0999999999999899 0.1 0.0
1.0999999999999899 0.1 0.0
1.0999999999999899 0.1 0.0
1.0999999999999899 0.1 0.0
1.0999999999999899 0.1 0.0
1.0999999999999899 0.1 0.0
1.0999999999999899 0.1 0.0
1.0999999999999899 0.1 0.0
1.0999999999999899 0.1 0.0
1.0999999999999899 0.1 0.0
1.0999999999999899 0.1 0.0
1.0999999999999899 0.1 0.0
1.0999999999999899 0.1 0.0
1.0999999999999899 0.1 0.0
1.0999999999999899 0.1 0.0
1.0999999999999899 0.1 0.0
1.0999999999999899 0.1 0.0
1.0999999999999899 0.1 0.0
1.0999999999999899 0.1 0.0
1.0999999999999899 0.1 0.0
1.0999999999999899 0.1 0.0
1.0999999999999899 0.1 0.0
1.0999999999999899 0.1 0.0
1.0999999999999899 0.1 0.0
1.0999999999999899 0.1 0.0
1.0999999999999899 0.1 0.0
1.0999999999999899 0.1 0.0
1.0999999999999899 0.1 0.0
1.0999999999999899 0.1 0.0
1.0999999999999899 0.1 0.0
1.0999999999999899 0.1 0.0
1.0999999999999899 0.1 0.0
1.0999999999999899 0.1 0.0
1.0999999999999899 0.1 0.0
1.0999999999999899 0.1 0.0
1.0999999999999899 0.1 0.0
1.0999999999999899 0.1 0.0
1.0999999999999899 0.1 0.0
1.0999999999999899 0.1 0.0
1.0999999999999899 0.1 0.0
1.0999999999999899 0.1 0.0
1.1001212827988236 0.1 6.345356101624323e-05
1.1004804664722931 0.1 0.0002465106205747605
1.1010705539358498 0.1 0.0005384556434818824
1.101884548104946 0.1 0.000928892961266139
1.1029154518950333 0.1 0.001407746772178259
1.1041562682215638 0.1 0.00196526114119117
1.1055999999999893 0.1 0.0025919999999999997
1.1072396501457618 0.1 0.003278847147022074
1.1090682215743328 0.1 0.004017006247396917
1.111078717201155 0.1 0.004798000832986255
1.1132641399416794 0.1 0.00561367430237401
1.1156174927113585 0.1 0.006456189920866304
1.118131778425644 0.1 0.007318030820491461
1.1207999999999876 0.1 0.008192
1.1236151603498414 0.1 0.00907122032486464
1.1265702623906575 0.1 0.009949134527280298
1.1296583090378876 0.1 0.010819505206164096
1.1328723032069834 0.1 0.01167641482715535
1.136205247813397 0.1 0.012514265722615575
1.1396501457725803 0.1 0.013327780091628487
1.1431999999999851 0.1 0.014112
1.1468478134110633 0.1 0.014862287380258223
1.1505865889212672 0.1 0.015574324031653479
1.154409329446048 0.1 0.016244111620158264
1.158309037900858 0.1 0.016867971678467306
1.1622787172011493 0.1 0.0174425456059975
1.1663113702623733 0.1 0.01796479466888796
1.1703999999999821 0.1 0.018431999999999997
1.1745376093294277 0.1 0.01884176259891711
1.178717201166162 0.1 0.019192003331945026
1.1829317784256368 0.1 0.01948096293211162
1.1871743440233038 0.1 0.019707201999167007
1.1914379008746154 0.1 0.0198696009995835
1.195715451895023 0.1 0.019967360266555594
1.1999999999999789 0.1 0.01999999999999999
1.2042845481049347 0.1 0.0199673602665556
1.2085620991253423 0.1 0.0198696009995835
1.212825655976654 0.1 0.019707201999167007
1.217068221574321 0.1 0.0194809629321116
1.2212827988337958 0.1 0.019192003331945026
1.22546239067053 0.1 0.018841762598917122
1.2295999999999756 0.1 0.018432000000000004
1.2336886297375844 0.1 0.01796479466888795
1.2377212827988084 0.1 0.017442545605997506
1.2416909620990997 0.1 0.01686797167846729
1.2455906705539097 0.1 0.016244111620158264
1.2494134110786905 0.1 0.015574324031653486
1.2531521865888944 0.1 0.014862287380258216
1.2567999999999726 0.1 0.014112000000000013
1.2603498542273774 0.1 0.013327780091628494
1.2637947521865607 0.1 0.012514265722615547
1.2671276967929743 0.1 0.01167641482715534
1.2703416909620702 0.1 0.01081950520616412
1.2734297376093002 0.1 0.009949134527280301
1.2763848396501163 0.1 0.009071220324864626
1.2791999999999701 0.1 0.008192000000000005
1.2818682215743138 0.1 0.007318030820491456
1.2843825072885993 0.1 0.006456189920866273
1.2867358600582783 0.1 0.005613674302374
1.2889212827988028 0.1 0.004798000832986288
1.2909317784256247 0.1 0.004017006247396898
1.292760349854196 0.1 0.0032788471470220903
1.2943999999999685 0.1 0.0025920000000000387
1.295843731778394 0.1 0.001965261141191166
1.2970845481049245 0.1 0.0014077467721782533
1.2981154518950118 0.1 0.0009288929612661367
1.2989294460641079 0.1 0.0005384556434818721
1.2995195335276646 0.1 0.00024651062057473583
1.299878717201134 0.1 6.345356101622457e-05
1.2999999999999678 0.1 0.0
1.2999999999999678 0.1 0.0
1.2999999999999678 0.1 0.0
1.2999999999999678 0.1 0.0
1.2999999999999678 0.1 0.0
1.2999999999999678 0.1 0.0
1.2999999999999678 0.1 0.0
1.2999999999999678 0.1 0.0
1.2999999999999678 0.1 0.0
1.2999999999999678 0.1 0.0
1.2999999999999678 0.1 0.0
1.2999999999999678 0.1 0.0
1.2999999999999678 0.1 0.0
1.2999999999999678 0.1 0.0
1.2999999999999678 0.1 0.0
1.2999999999999678 0.1 0.0
1.2999999999999678 0.1 0.0
1.2999999999999678 0.1 0.0
1.2999999999999678 0.1 0.0
1.2999999999999678 0.1 0.0
1.2999999999999678 0.1 0.0
1.2999999999999678 0.1 0.0
1.2999999999999678 0.1 0.0
1.2999999999999678 0.1 0.0
1.2999999999999678 0.1 0.0
1.2999999999999678 0.1 0.0
1.2999999999999678 0.1 0.0
1.2999999999999678 0.1 0.0
1.2999999999999678 0.1 0.0
1.2999999999999678 0.1 0.0
1.2999999999999678 0.1 0.0
1.2999999999999678 0.1 0.0
1.2999999999999678 0.1 0.0
1.2999999999999678 0.1 0.0
1.2999999999999678 0.1 0.0
1.2999999999999678 0.1 0.0
1.2999999999999678 0.1 0.0
1.2999999999999678 0.1 0.0
1.2999999999999678 0.1 0.0
1.2999999999999678 0.1 0.0
1.2999999999999678 0.1 0.0
1.2999999999999678 0.1 0.0
1.2999999999999678 0.1 0.0
1.2999999999999678 0.1 0.0
1.2999999999999678 0.1 0.0
1.2999999999999678 0.1 0.0
1.2999999999999678 0.1 0.0
1.2999999999999678 0.1 0.0
1.2999999999999678 0.1 0.0
1.2999999999999678 0.1 0.0
1.2999999999999678 0.1 0.0
1.2999999999999678 0.1 0.0
1.2999999999999678 0.1 0.0
1.2999999999999678 0.1 0.0
1.2999999999999678 0.1 0.0
1.2999999999999678 0.1 0.0
1.2999999999999678 0.1 0.0
1.2999999999999678 0.1 0.0
1.2999999999999678 0.1 0.0
1.2999999999999678 0.1 0.0
1.2999999999999678 0.1 0.0
1.2999999999999678 0.1 0.0
1.2999999999999678 0.1 0.0
1.2999999999999678 0.1 0.0
1.2999999999999678 0.1 0.0
1.2999999999999678 0.1 0.0
1.2999999999999678 0.1 0.0
1.2999999999999678 0.1 0.0
1.2999999999999678 0.1 0.0
1.2999999999999678 0.1 0.0
1.2999999999999678 0.1 0.0
1.2999999999999678 0.1 0.0
1.2999999999999678 0.1 0.0
1.2999999999999678 0.1 0.0
1.2999999999999678 0.1 0.0
1.2999999999999678 0.1 0.0
1.2999999999999678 0.1 0.0
1.2999999999999678 0.1 0.0
1.2999999999999678 0.1 0.0
1.2999999999999678 0.1 0.0
1.2999999999999678 0.1 0.0
1.2999999999999678 0.1 0.0
1.2999999999999678 0.1 0.0
1.2999999999999678 0.1 0.0
1.2999999999999678 0.1 0.0
1.2999999999999678 0.1 0.0
1.2999999999999678 0.1 0.0
1.2999999999999678 0.1 0.0
1.2999999999999678 0.1 0.0
1.2999999999999678 0.1 0.0
1.2999999999999678 0.1 0.0
1.2999999999999678 0.1 0.0
1.2999999999999678 0.1 0.0
1.2999999999999678 0.1 0.0
1.2999999999999678 0.1 0.0
1.2999999999999678 0.1 0.0
1.2999999999999678 0.1 0.0
1.2999999999999678 0.1 0.0
1.2999999999999678 0.1 0.0
1.2999999999999678 0.1 0.0
1.2999999999999678 0.1 0.0
1.2999999999999678 0.1 0.0
1.2999999999999678 0.1 0.0
1.2999999999999678 0.1 0.0
1.2999999999999678 0.1 0.0
1.2999999999999678 0.1 0.0
1.2999999999999678 0.1 0.0
1.2999999999999678 0.1 0.0
1.2999999999999678 0.1 0.0
1.2999999999999678 0.1 0.0
1.2999999999999678 0.1 0.0
1.2999999999999678 0.1 0.0
1.2999999999999678 0.1 0.0
1.2999999999999678 0.1 0.0
1.2999999999999678 0.1 0.0
1.2999999999999678 0.1 0.0
1.2999999999999678 0.1 0.0
1.2999999999999678 0.1 0.0
1.2999999999999678 0.1 0.0
1.2999999999999678 0.1 0.0
1.2999999999999678 0.1 0.0
1.2999999999999678 0.1 0.0
1.2999999999999678 0.1 0.0
1.2999999999999678 0.1 0.0
1.2999999999999678 0.1 0.0
1.2999999999999678 0.1 0.0
1.2999999999999678 0.1 0.0
1.2999999999999678 0.1 0.0
1.2999999999999678 0.1 0.0
1.2999999999999678 0.1 0.0
1.2999999999999678 0.1 0.0
1.3001212827988016 0.1 6.345356101624323e-05
1.3004804664722711 0.1 0.0002465106205747605
1.3010705539358278 0.1 0.0005384556434818824
1.301884548104924 0.1 0.000928892961266139
1.3029154518950112 0.1 0.001407746772178259
1.3041562682215417 0.1 0.00196526114119117
1.3055999999999672 0.1 0.0025919999999999997
1.3072396501457397 0.1 0.003278847147022074
1.3090682215743108 0.1 0.004017006247396917
1.311078717201133 0.1 0.004798000832986255
1.3132641399416574 0.1 0.00561367430237401
1.3156174927113364 0.1 0.006456189920866304
1.318131778425622 0.1 0.007318030820491461
1.3207999999999656 0.1 0.008192
1.3236151603498194 0.1 0.00907122032486464
1.3265702623906355 0.1 0.009949134527280298
1.3296583090378655 0.1 0.010819505206164096
1.3328723032069614 0.1 0.01167641482715535
1.336205247813375 0.1 0.012514265722615575
1.3396501457725583 0.1 0.013327780091628487
1.343199999999963 0.1 0.014112
1.3468478134110413 0.1 0.014862287380258223
1.3505865889212452 0.1 0.015574324031653479
1.354409329446026 0.1 0.016244111620158264
1.358309037900836 0.1 0.016867971678467306
1.3622787172011273 0.1 0.0174425456059975
1.3663113702623513 0.1 0.01796479466888796
1.37039999999996 0.1 0.018431999999999997
1.3745376093294057 0.1 0.01884176259891711
1.37871720116614 0.1 0.019192003331945026
1.3829317784256148 0.1 0.01948096293211162
1.3871743440232818 0.1 0.019707201999167007
1.3914379008745934 0.1 0.0198696009995835
1.395715451895001 0.1 0.019967360266555594
1.3999999999999568 0.1 0.01999999999999999
1.4042845481049127 0.1 0.0199673602665556
1.4085620991253203 0.1 0.0198696009995835
1.412825655976632 0.1 0.019707201999167007
1.417068221574299 0.1 0.0194809629321116
1.4212827988337737 0.1 0.019192003331945026
1.425462390670508 0.1 0.018841762598917122
1.4295999999999536 0.1 0.018432000000000004
1.4336886297375624 0.1 0.01796479466888795
1.4377212827987864 0.1 0.017442545605997506
1.4416909620990777 0.1 0.01686797167846729
1.4455906705538877 0.1 0.016244111620158264
1.4494134110786685 0.1 0.015574324031653486
1.4531521865888724 0.1 0.014862287380258216
1.4567999999999506 0.1 0.014112000000000013
1.4603498542273554 0.1 0.013327780091628494
1.4637947521865387 0.1 0.012514265722615547
1.4671276967929523 0.1 0.01167641482715534
1.4703416909620481 0.1 0.01081950520616412
1.4734297376092782 0.1 0.009949134527280301
1.4763848396500943 0.1 0.009071220324864626
1.4791999999999481 0.1 0.008192000000000005
1.4818682215742918 0.1 0.007318030820491456
1.4843825072885772 0.1 0.006456189920866273
1.4867358600582563 0.1 0.005613674302374
1.4889212827987808 0.1 0.004798000832986288
1.4909317784256026 0.1 0.004017006247396898
1.492760349854174 0.1 0.0032788471470220903
1.4943999999999464 0.1 0.0025920000000000387
1.495843731778372 0.1 0.001965261141191166
1.4970845481049024 0.1 0.0014077467721782533
1.4981154518949897 0.1 0.0009288929612661367
1.4989294460640858 0.1 0.0005384556434818721
1.4995195335276426 0.1 0.00024651062057473583
1.4998787172011119 0.1 6.345356101622457e-05
1.4999999999999458 0.1 0.0
1.4999999999999458 0.1 0.0
1.4999999999999458 0.1 0.0
1.4999999999999458 0.1 0.0
1.4999999999999458 0.1 0.0
1.4999999999999458 0.1 0.0
1.4999999999999458 0.1 0.0
1.4999999999999458 0.1 0.0
1.4999999999999458 0.1 0.0
1.4999999999999458 0.1 0.0
1.4999999999999458 0.1 0.0
1.4999999999999458 0.1 0.0
1.4999999999999458 0.1 0.0
1.4999999999999458 0.1 0.0
1.4999999999999458 0.1 0.0
1.4999999999999458 0.1 0.0
1.4999999999999458 0.1 0.0
1.4999999999999458 0.1 0.0
1.4999999999999458 0.1 0.0
1.4999999999999458 0.1 0.0
1.4999999999999458 0.1 0.0
1.4999999999999458 0.1 0.0
1.4999999999999458 0.1 0.0
1.4999999999999458 0.1 0.0
1.4999999999999458 0.1 0.0
1.4999999999999458 0.1 0.0
1.4999999999999458 0.1 0.0
1.4999999999999458 0.1 0.0
1.4999999999999458 0.1 0.0
1.4999999999999458 0.1 0.0
1.4999999999999458 0.1 0.0
1.4999999999999458 0.1 0.0
1.4999999999999458 0.1 0.0
1.4999999999999458 0.1 0.0
1.4999999999999458 0.1 0.0
1.4999999999999458 0.1 0.0
1.4999999999999458 0.1 0.0
1.4999999999999458 0.1 0.0
1.4999999999999458 0.1 0.0
1.4999999999999458 0.1 0.0
1.4999999999999458 0.1 0.0
1.4999999999999458 0.1 0.0
1.4999999999999458 0.1 0.0
1.4999999999999458 0.1 0.0
1.4999999999999458 0.1 0.0
1.4999999999999458 0.1 0.0
1.4999999999999458 0.1 0.0
1.4999999999999458 0.1 0.0
1.4999999999999458 0.1 0.0
1.4999999999999458 0.1 0.0
1.4999999999999458 0.1 0.0
1.4999999999999458 0.1 0.0
1.4999999999999458 0.1 0.0
1.4999999999999458 0.1 0.0
1.4999999999999458 0.1 0.0
1.4999999999999458 0.1 0.0
1.4999999999999458 0.1 0.0
1.4999999999999458 0.1 0.0
1.4999999999999458 0.1 0.0
1.4999999999999458 0.1 0.0
1.4999999999999458 0.1 0.0
1.4999999999999458 0.1 0.0
1.4999999999999458 0.1 0.0
1.4999999999999458 0.1 0.0
1.4999999999999458 0.1 0.0
1.4999999999999458 0.1 0.0
1.4999999999999458 0.1 0.0
1.4999999999999458 0.1 0.0
1.4999999999999458 0.1 0.0
1.4999999999999458 0.1 0.0
1.4999999999999458 0.1 0.0
1.4999999999999458 0.1 0.0
1.4999999999999458 0.1 0.0
1.4999999999999458 0.1 0.0
1.4999999999999458 0.1 0.0
1.4999999999999458 0.1 0.0
1.4999999999999458 0.1 0.0
1.4999999999999458 0.1 0.0
1.4999999999999458 0.1 0.0
1.4999999999999458 0.1 0.0
1.4999999999999458 0.1 0.0
1.4999999999999458 0.1 0.0
1.4999999999999458 0.1 0.0
1.4999999999999458 0.1 0.0
1.4999999999999458 0.1 0.0
1.4999999999999458 0.1 0.0
1.4999999999999458 0.1 0.0
1.4999999999999458 0.1 0.0
1.4999999999999458 0.1 0.0
1.4999999999999458 0.1 0.0
1.4999999999999458 0.1 0.0
1.4999999999999458 0.1 0.0
1.4999999999999458 0.1 0.0
1.4999999999999458 0.1 0.0
1.4999999999999458 0.1 0.0
1.4999999999999458 0.1 0.0
1.4999999999999458 0.1 0.0
1.4999999999999458 0.1 0.0
1.4999999999999458 0.1 0.0
1.4999999999999458 0.1 0.0
1.4999999999999458 0.1 0.0
1.4999999999999458 0.1 0.0
1.4999999999999458 0.1 0.0
1.4999999999999458 0.1 0.0
1.4999999999999458 0.1 0.0
1.4999999999999458 0.1 0.0
1.4999999999999458 0.1 0.0
1.4999999999999458 0.1 0.0
1.4999999999999458 0.1 0.0
1.4999999999999458 0.1 0.0
1.4999999999999458 0.1 0.0
1.4999999999999458 0.1 0.0
1.4999999999999458 0.1 0.0
1.4999999999999458 0.1 0.0
1.4999999999999458 0.1 0.0
1.4999999999999458 0.1 0.0
1.4999999999999458 0.1 0.0
1.4999999999999458 0.1 0.0
1.4999999999999458 0.1 0.0
1.4999999999999458 0.1 0.0
1.4999999999999458 0.1 0.0
1.4999999999999458 0.1 0.0
1.4999999999999458 0.1 0.0
1.4999999999999458 0.1 0.0
1.4999999999999458 0.1 0.0
1.4999999999999458 0.1 0.0
1.4999999999999458 0.1 0.0
1.4999999999999458 0.1 0.0
1.4999999999999458 0.1 0.0
1.4999999999999458 0.1 0.0
1.4999999999999458 0.1 0.0
1.5001212827987795 0.1 6.345356101624323e-05
1.500480466472249 0.1 0.0002465106205747605
1.5010705539358058 0.1 0.0005384556434818824
1.501884548104902 0.1 0.000928892961266139
1.5029154518949892 0.1 0.001407746772178259
1.5041562682215197 0.1 0.00196526114119117
1.5055999999999452 0.1 0.0025919999999999997
1.5072396501457177 0.1 0.003278847147022074
1.5090682215742888 0.1 0.004017006247396917
1.5110787172011109 0.1 0.004798000832986255
1.5132641399416353 0.1 0.00561367430237401
1.5156174927113144 0.1 0.006456189920866304
1.5181317784255999 0.1 0.007318030820491461
1.5207999999999435 0.1 0.008192
1.5236151603497974 0.1 0.00907122032486464
1.5265702623906134 0.1 0.009949134527280298
1.5296583090378435 0.1 0.010819505206164096
1.5328723032069393 0.1 0.01167641482715535
1.536205247813353 0.1 0.012514265722615575
1.5396501457725362 0.1 0.013327780091628487
1.543199999999941 0.1 0.014112
1.5468478134110193 0.1 0.014862287380258223
1.5505865889212231 0.1 0.015574324031653479
1.554409329446004 0.1 0.016244111620158264
1.558309037900814 0.1 0.016867971678467306
1.5622787172011052 0.1 0.0174425456059975
1.5663113702623293 0.1 0.01796479466888796
1.570399999999938 0.1 0.018431999999999997
1.5745376093293837 0.1 0.01884176259891711
1.578717201166118 0.1 0.019192003331945026
1.5829317784255927 0.1 0.01948096293211162
1.5871743440232597 0.1 0.019707201999167007
1.5914379008745714 0.1 0.0198696009995835
1.595715451894979 0.1 0.019967360266555594
1.5999999999999348 0.1 0.01999999999999999
1.6042845481048906 0.1 0.0199673602665556
1.6085620991252982 0.1 0.0198696009995835
1.6128256559766099 0.1 0.019707201999167007
1.6170682215742769 0.1 0.0194809629321116
1.6212827988337517 0.1 0.019192003331945026
1.625462390670486 0.1 0.018841762598917122
1.6295999999999315 0.1 0.018432000000000004
1.6336886297375404 0.1 0.01796479466888795
1.6377212827987644 0.1 0.017442545605997506
1.6416909620990556 0.1 0.01686797167846729
1.6455906705538657 0.1 0.016244111620158264
1.6494134110786465 0.1 0.015574324031653486
1.6531521865888503 0.1 0.014862287380258216
1.6567999999999286 0.1 0.014112000000000013
1.6603498542273334 0.1 0.013327780091628494
1.6637947521865166 0.1 0.012514265722615547
1.6671276967929303 0.1 0.01167641482715534
1.6703416909620261 0.1 0.01081950520616412
1.6734297376092562 0.1 0.009949134527280301
1.6763848396500722 0.1 0.009071220324864626
1.679199999999926 0.1 0.008192000000000005
1.6818682215742697 0.1 0.007318030820491456
1.6843825072885552 0.1 0.006456189920866273
1.6867358600582343 0.1 0.005613674302374
1.6889212827987587 0.1 0.004798000832986288
1.6909317784255806 0.1 0.004017006247396898
1.692760349854152 0.1 0.0032788471470220903
1.6943999999999244 0.1 0.0025920000000000387
1.69584373177835 0.1 0.001965261141191166
1.6970845481048804 0.1 0.0014077467721782533
1.6981154518949677 0.1 0.0009288929612661367
1.6989294460640638 0.1 0.0005384556434818721
1.6995195335276205 0.1 0.00024651062057473583
1.6998787172010899 0.1 6.345356101622457e-05
1.6999999999999238 0.1 0.0
1.6999999999999238 0.1 0.0
1.6999999999999238 0.1 0.0
1.6999999999999238 0.1 0.0
1.6999999999999238 0.1 0.0
1.6999999999999238 0.1 0.0
1.6999999999999238 0.1 0.0
1.6999999999999238 0.1 0.0
1.6999999999999238 0.1 0.0
1.6999999999999238 0.1 0.0
1.6999999999999238 0.1 0.0
1.6999999999999238 0.1 0.0
1.6999999999999238 0.1 0.0
1.6999999999999238 0.1 0.0
1.6999999999999238 0.1 0.0
1.6999999999999238 0.1 0.0
1.6999999999999238 0.1 0.0
1.6999999999999238 0.1 0.0
1.6999999999999238 0.1 0.0
1.6999999999999238 0.1 0.0
1.6999999999999238 0.1 0.0
1.6999999999999238 0.1 0.0
1.6999999999999238 0.1 0.0
1.6999999999999238 0.1 0.0
1.6999999999999238 0.1 0.0
1.6999999999999238 0.1 0.0
1.6999999999999238 0.1 0.0
1.6999999999999238 0.1 0.0
1.6999999999999238 0.1 0.0
1.6999999999999238 0.1 0.0
1.6999999999999238 0.1 0.0
1.6999999999999238 0.1 0.0
1.6999999999999238 0.1 0.0
1.6999999999999238 0.1 0.0
1.6999999999999238 0.1 0.0
1.6999999999999238 0.1 0.0
1.6999999999999238 0.1 0.0
1.6999999999999238 0.1 0.0
1.6999999999999238 0.1 0.0
1.6999999999999238 0.1 0.0
1.6999999999999238 0.1 0.0
1.6999999999999238 0.1 0.0
1.6999999999999238 0.1 0.0
1.6999999999999238 0.1 0.0
1.6999999999999238 0.1 0.0
1.6999999999999238 0.1 0.0
1.6999999999999238 0.1 0.0
1.6999999999999238 0.1 0.0
1.6999999999999238 0.1 0.0
1.6999999999999238 0.1 0.0
1.6999999999999238 0.1 0.0
1.6999999999999238 0.1 0.0
1.6999999999999238 0.1 0.0
1.6999999999999238 0.1 0.0
1.6999999999999238 0.1 0.0
1.6999999999999238 0.1 0.0
1.6999999999999238 0.1 0.0
1.6999999999999238 0.1 0.0
1.6999999999999238 0.1 0.0
1.6999999999999238 0.1 0.0
1.6999999999999238 0.1 0.0
1.6999999999999238 0.1 0.0
1.6999999999999238 0.1 0.0
1.6999999999999238 0.1 0.0
1.6999999999999238 0.1 0.0
1.6999999999999238 0.1 0.0
1.6999999999999238 0.1 0.0
1.6999999999999238 0.1 0.0
1.6999999999999238 0.1 0.0
1.6999999999999238 0.1 0.0
1.6999999999999238 0.1 0.0
1.6999999999999238 0.1 0.0
1.6999999999999238 0.1 0.0
1.6999999999999238 0.1 0.0
1.6999999999999238 0.1 0.0
1.6999999999999238 0.1 0.0
1.6999999999999238 0.1 0.0
1.6999999999999238 0.1 0.0
1.6999999999999238 0.1 0.0
1.6999999999999238 0.1 0.0
1.6999999999999238 0.1 0.0
1.6999999999999238 0.1 0.0
1.6999999999999238 0.1 0.0
1.6999999999999238 0.1 0.0
1.6999999999999238 0.1 0.0
1.6999999999999238 0.1 0.0
1.6999999999999238 0.1 0.0
1.6999999999999238 0.1 0.0
1.6999999999999238 0.1 0.0
1.6999999999999238 0.1 0.0
1.6999999999999238 0.1 0.0
1.6999999999999238 0.1 0.0
1.6999999999999238 0.1 0.0
1.6999999999999238 0.1 0.0
1.6999999999999238 0.1 0.0
1.6999999999999238 0.1 0.0
1.6999999999999238 0.1 0.0
1.6999999999999238 0.1 0.0
1.6999999999999238 0.1 0.0
1.6999999999999238 0.1 0.0
1.6999999999999238 0.1 0.0
1.6999999999999238 0.1 0.0
1.6999999999999238 0.1 0.0
1.6999999999999238 0.1 0.0
1.6999999999999238 0.1 0.0
1.6999999999999238 0.1 0.0
1.6999999999999238 0.1 0.0
1.6999999999999238 0.1 0.0
1.6999999999999238 0.1 0.0
1.6999999999999238 0.1 0.0
1.6999999999999238 0.1 0.0
1.6999999999999238 0.1 0.0
1.6999999999999238 0.1 0.0
1.6999999999999238 0.1 0.0
1.6999999999999238 0.1 0.0
1.6999999999999238 0.1 0.0
1.6999999999999238 0.1 0.0
1.6999999999999238 0.1 0.0
1.6999999999999238 0.1 0.0
1.6999999999999238 0.1 0.0
1.6999999999999238 0.1 0.0
1.6999999999999238 0.1 0.0
1.6999999999999238 0.1 0.0
1.6999999999999238 0.1 0.0
1.6999999999999238 0.1 0.0
1.6999999999999238 0.1 0.0
1.6999999999999238 0.1 0.0
1.6999999999999238 0.1 0.0
1.6999999999999238 0.1 0.0
1.6999999999999238 0.1 0.0
1.6999999999999238 0.1 0.0
1.7001212827987575 0.1 6.345356101624323e-05
1.700480466472227 0.1 0.0002465106205747605
1.7010705539357838 0.1 0.0005384556434818824
1.7018845481048799 0.1 0.000928892961266139
1.7029154518949672 0.1 0.001407746772178259
1.7041562682214977 0.1 0.00196526114119117
1.7055999999999232 0.1 0.0025919999999999997
1.7072396501456957 0.1 0.003278847147022074
1.7090682215742667 0.1 0.004017006247396917
1.7110787172010888 0.1 0.004798000832986255
1.7132641399416133 0.1 0.00561367430237401
1.7156174927112924 0.1 0.006456189920866304
1.7181317784255778 0.1 0.007318030820491461
1.7207999999999215 0.1 0.008192
1.7236151603497754 0.1 0.00907122032486464
1.7265702623905914 0.1 0.009949134527280298
1.7296583090378215 0.1 0.010819505206164096
1.7328723032069173 0.1 0.01167641482715535
1.736205247813331 0.1 0.012514265722615575
1.7396501457725142 0.1 0.013327780091628487
1.743199999999919 0.1 0.014112
1.7468478134109973 0.1 0.014862287380258223
1.7505865889212011 0.1 0.015574324031653479
1.754409329445982 0.1 0.016244111620158264
1.758309037900792 0.1 0.016867971678467306
1.7622787172010832 0.1 0.0174425456059975
1.7663113702623072 0.1 0.01796479466888796
1.770399999999916 0.1 0.018431999999999997
1.7745376093293617 0.1 0.01884176259891711
1.7787172011660959 0.1 0.019192003331945026
1.7829317784255707 0.1 0.01948096293211162
1.7871743440232377 0.1 0.019707201999167007
1.7914379008745493 0.1 0.0198696009995835
1.795715451894957 0.1 0.019967360266555594
1.7999999999999128 0.1 0.01999999999999999
1.8042845481048686 0.1 0.0199673602665556
1.8085620991252762 0.1 0.0198696009995835
1.8128256559765878 0.1 0.019707201999167007
1.8170682215742548 0.1 0.0194809629321116
1.8212827988337297 0.1 0.019192003331945026
1.825462390670464 0.1 0.018841762598917122
1.8295999999999095 0.1 0.018432000000000004
1.8336886297375183 0.1 0.01796479466888795
1.8377212827987424 0.1 0.017442545605997506
1.8416909620990336 0.1 0.01686797167846729
1.8455906705538436 0.1 0.016244111620158264
1.8494134110786244 0.1 0.015574324031653486
1.8531521865888283 0.1 0.014862287380258216
1.8567999999999065 0.1 0.014112000000000013
1.8603498542273114 0.1 0.013327780091628494
1.8637947521864946 0.1 0.012514265722615547
1.8671276967929082 0.1 0.01167641482715534
1.870341690962004 0.1 0.01081950520616412
1.8734297376092341 0.1 0.009949134527280301
1.8763848396500502 0.1 0.009071220324864626
1.879199999999904 0.1 0.008192000000000005
1.8818682215742477 0.1 0.007318030820491456
1.8843825072885332 0.1 0.006456189920866273
1.8867358600582123 0.1 0.005613674302374
1.8889212827987367 0.1 0.004798000832986288
1.8909317784255586 0.1 0.004017006247396898
1.8927603498541299 0.1 0.0032788471470220903
1.8943999999999024 0.1 0.0025920000000000387
1.8958437317783279 0.1 0.001965261141191166
1.8970845481048584 0.1 0.0014077467721782533
1.8981154518949457 0.1 0.0009288929612661367
1.8989294460640418 0.1 0.0005384556434818721
1.8995195335275985 0.1 0.00024651062057473583
1.8998787172010678 0.1 6.345356101622457e-05
1.8999999999999018 0.1 0.0
1.8999999999999018 0.1 0.0
1.8999999999999018 0.1 0.0
1.8999999999999018 0.1 0.0
1.8999999999999018 0.1 0.0
1.8999999999999018 0.1 0.0
1.8999999999999018 0.1 0.0
1.8999999999999018 0.1 0.0
1.8999999999999018 0.1 0.0
1.8999999999999018 0.1 0.0
1.8999999999999018 0.1 0.0
1.8999999999999018 0.1 0.0
1.8999999999999018 0.1 0.0
1.8999999999999018 0.1 0.0
1.8999999999999018 0.1 0.0
1.8999999999999018 0.1 0.0
1.8999999999999018 0.1 0.0
1.8999999999999018 0.1 0.0
1.8999999999999018 0.1 0.0
1.8999999999999018 0.1 0.0
1.8999999999999018 0.1 0.0
1.8999999999999018 0.1 0.0
1.8999999999999018 0.1 0.0
1.8999999999999018 0.1 0.0
1.8999999999999018 0.1 0.0
1.8999999999999018 0.1 0.0
1.8999999999999018 0.1 0.0
1.8999999999999018 0.1 0.0
1.8999999999999018 0.1 0.0
1.8999999999999018 0.1 0.0
1.8999999999999018 0.1 0.0
1.8999999999999018 0.1 0.0
1.8999999999999018 0.1 0.0
1.8999999999999018 0.1 0.0
1.8999999999999018 0.1 0.0
1.8999999999999018 0.1 0.0
1.8999999999999018 0.1 0.0
1.8999999999999018 0.1 0.0
1.8999999999999018 0.1 0.0
1.8999999999999018 0.1 0.0
1.8999999999999018 0.1 0.0
1.8999999999999018 0.1 0.0
1.8999999999999018 0.1 0.0
1.8999999999999018 0.1 0.0
1.8999999999999018 0.1 0.0
1.8999999999999018 0.1 0.0
1.8999999999999018 0.1 0.0
1.8999999999999018 0.1 0.0
1.8999999999999018 0.1 0.0
1.8999999999999018 0.1 0.0
1.8999999999999018 0.1 0.0
1.8999999999999018 0.1 0.0
1.8999999999999018 0.1 0.0
1.8999999999999018 0.1 0.0
1.8999999999999018 0.1 0.0
1.8999999999999018 0.1 0.0
1.8999999999999018 0.1 0.0
1.8999999999999018 0.1 0.0
1.8999999999999018 0.1 0.0
1.8999999999999018 0.1 0.0
1.8999999999999018 0.1 0.0
1.8999999999999018 0.1 0.0
1.8999999999999018 0.1 0.0
1.8999999999999018 0.1 0.0
1.8999999999999018 0.1 0.0
1.8999999999999018 0.1 0.0
1.8999999999999018 0.1 0.0
1.8999999999999018 0.1 0.0
1.8999999999999018 0.1 0.0
1.8999999999999018 0.1 0.0
1.8999999999999018 0.1 0.0
1.8999999999999018 0.1 0.0
1.8999999999999018 0.1 0.0
1.8999999999999018 0.1 0.0
1.8999999999999018 0.1 0.0
1.8999999999999018 0.1 0.0
1.8999999999999018 0.1 0.0
1.8999999999999018 0.1 0.0
1.8999999999999018 0.1 0.0
1.8999999999999018 0.1 0.0
1.8999999999999018 0.1 0.0
1.8999999999999018 0.1 0.0
1.8999999999999018 0.1 0.0
1.8999999999999018 0.1 0.0
1.8999999999999018 0.1 0.0
1.8999999999999018 0.1 0.0
1.8999999999999018 0.1 0.0
1.8999999999999018 0.1 0.0
1.8999999999999018 0.1 0.0
1.8999999999999018 0.1 0.0
1.8999999999999018 0.1 0.0
1.8999999999999018 0.1 0.0
1.8999999999999018 0.1 0.0
1.8999999999999018 0.1 0.0
1.8999999999999018 0.1 0.0
1.8999999999999018 0.1 0.0
1.8999999999999018 0.1 0.0
1.8999999999999018 0.1 0.0
1.8999999999999018 0.1 0.0
1.8999999999999018 0.1 0.0
1.8999999999999018 0.1 0.0
1.8999999999999018 0.1 0.0
1.8999999999999018 0.1 0.0
1.8999999999999018 0.1 0.0
1.8999999999999018 0.1 0.0
1.8999999999999018 0.1 0.0
1.8999999999999018 0.1 0.0
1.8999999999999018 0.1 0.0
1.8999999999999018 0.1 0.0
1.8999999999999018 0.1 0.0
1.8999999999999018 0.1 0.0
1.8999999999999018 0.1 0.0
1.8999999999999018 0.1 0.0
1.8999999999999018 0.1 0.0
1.8999999999999018 0.1 0.0
1.8999999999999018 0.1 0.0
1.8999999999999018 0.1 0.0
1.8999999999999018 0.1 0.0
1.8999999999999018 0.1 0.0
1.8999999999999018 0.1 0.0
1.8999999999999018 0.1 0.0
1.8999999999999018 0.1 0.0
1.8999999999999018 0.1 0.0
1.8999999999999018 0.1 0.0
1.8999999999999018 0.1 0.0
1.8999999999999018 0.1 0.0
1.8999999999999018 0.1 0.0
1.8999999999999018 0.1 0.0
1.8999999999999018 0.1 0.0
1.8999999999999018 0.1 0.0
1.8999999999999018 0.1 0.0
1.9001212827987355 0.1 6.345356101624323e-05
1.900480466472205 0.1 0.0002465106205747605
1.9010705539357617 0.1 0.0005384556434818824
1.9018845481048579 0.1 0.000928892961266139
1.9029154518949452 0.1 0.001407746772178259
1.9041562682214757 0.1 0.00196526114119117
1.9055999999999012 0.1 0.0025919999999999997
1.9072396501456736 0.1 0.003278847147022074
1.9090682215742447 0.1 0.004017006247396917
1.9110787172010668 0.1 0.004798000832986255
1.9132641399415913 0.1 0.00561367430237401
1.9156174927112704 0.1 0.006456189920866304
1.9181317784255558 0.1 0.007318030820491461
1.9207999999998995 0.1 0.008192
1.9236151603497533 0.1 0.00907122032486464
1.9265702623905694 0.1 0.009949134527280298
1.9296583090377994 0.1 0.010819505206164096
1.9328723032068953 0.1 0.01167641482715535
1.936205247813309 0.1 0.012514265722615575
1.9396501457724922 0.1 0.013327780091628487
1.943199999999897 0.1 0.014112
1.9468478134109752 0.1 0.014862287380258223
1.950586588921179 0.1 0.015574324031653479
1.95440932944596 0.1 0.016244111620158264
1.95830903790077 0.1 0.016867971678467306
1.9622787172010612 0.1 0.0174425456059975
1.9663113702622852 0.1 0.01796479466888796
1.970399999999894 0.1 0.018431999999999997
1.9745376093293396 0.1 0.01884176259891711
1.9787172011660739 0.1 0.019192003331945026
1.9829317784255487 0.1 0.01948096293211162
1.9871743440232157 0.1 0.019707201999167007
1.9914379008745273 0.1 0.0198696009995835
1.995715451894935 0.1 0.019967360266555594
1.9999999999998908 0.1 0.01999999999999999
2.0042845481048466 0.1 0.0199673602665556
2.008562099125254 0.1 0.0198696009995835
2.012825655976566 0.1 0.019707201999167007
2.017068221574233 0.1 0.0194809629321116
2.021282798833708 0.1 0.019192003331945026
2.025462390670442 0.1 0.018841762598917122
2.0295999999998875 0.1 0.018432000000000004
2.0336886297374965 0.1 0.01796479466888795
2.0377212827987203 0.1 0.017442545605997506
2.0416909620990116 0.1 0.01686797167846729
2.0455906705538216 0.1 0.016244111620158264
2.0494134110786026 0.1 0.015574324031653486
2.053152186588806 0.1 0.014862287380258216
2.0567999999998845 0.1 0.014112000000000013
2.0603498542272893 0.1 0.013327780091628494
2.063794752186473 0.1 0.012514265722615547
2.067127696792886 0.1 0.01167641482715534
2.0703416909619823 0.1 0.01081950520616412
2.073429737609212 0.1 0.009949134527280301
2.076384839650028 0.1 0.009071220324864626
2.079199999999882 0.1 0.008192000000000005
2.0818682215742257 0.1 0.007318030820491456
2.0843825072885114 0.1 0.006456189920866273
2.08673586005819 0.1 0.005613674302374
2.0889212827987147 0.1 0.004798000832986288
2.090931778425537 0.1 0.004017006247396898
2.092760349854108 0.1 0.0032788471470220903
2.0943999999998804 0.1 0.0025920000000000387
2.095843731778306 0.1 0.001965261141191166
2.0970845481048364 0.1 0.0014077467721782533
2.0981154518949237 0.1 0.0009288929612661367
2.09892944606402 0.1 0.0005384556434818721
2.0995195335275767 0.1 0.00024651062057473583
2.099878717201046 0.1 6.345356101622457e-05
2.0999999999998797 0.1 0.0
2.0999999999998797 0.1 0.0
2.0999999999998797 0.1 0.0
2.0999999999998797 0.1 0.0
2.0999999999998797 0.1 0.0
2.0999999999998797 0.1 0.0
2.0999999999998797 0.1 0.0
2.0999999999998797 0.1 0.0
2.0999999999998797 0.1 0.0
2.0999999999998797 0.1 0.0
2.0999999999998797 0.1 0.0
2.0999999999998797 0.1 0.0
2.0999999999998797 0.1 0.0
2.0999999999998797 0.1 0.0
2.0999999999998797 0.1 0.0
2.0999999999998797 0.1 0.0
2.0999999999998797 0.1 0.0
2.0999999999998797 0.1 0.0
2.0999999999998797 0.1 0.0
2.0999999999998797 0.1 0.0
2.0999999999998797 0.1 0.0
2.0999999999998797 0.1 0.0
2.0999999999998797 0.1 0.0
2.0999999999998797 0.1 0.0
2.0999999999998797 0.1 0.0
2.0999999999998797 0.1 0.0
2.0999999999998797 0.1 0.0
2.0999999999998797 0.1 0.0
2.0999999999998797 0.1 0.0
2.0999999999998797 0.1 0.0
2.0999999999998797 0.1 0.0
2.0999999999998797 0.1 0.0
2.0999999999998797 0.1 0.0
2.0999999999998797 0.1 0.0
2.0999999999998797 0.1 0.0
2.0999999999998797 0.1 0.0
2.0999999999998797 0.1 0.0
2.0999999999998797 0.1 0.0
2.0999999999998797 0.1 0.0
2.0999999999998797 0.1 0.0
2.0999999999998797 0.1 0.0
2.0999999999998797 0.1 0.0
2.0999999999998797 0.1 0.0
2.0999999999998797 0.1 0.0
2.0999999999998797 0.1 0.0
2.0999999999998797 0.1 0.0
2.0999999999998797 0.1 0.0
2.0999999999998797 0.1 0.0
2.0999999999998797 0.1 0.0
2.0999999999998797 0.1 0.0
2.0999999999998797 0.1 0.0
2.0999999999998797 0.1 0.0
2.0999999999998797 0.1 0.0
2.0999999999998797 0.1 0.0
2.0999999999998797 0.1 0.0
2.0999999999998797 0.1 0.0
2.0999999999998797 0.1 0.0
2.0999999999998797 0.1 0.0
2.0999999999998797 0.1 0.0
2.0999999999998797 0.1 0.0
2.0999999999998797 0.1 0.0
2.0999999999998797 0.1 0.0
2.0999999999998797 0.1 0.0
2.0999999999998797 0.1 0.0
2.0999999999998797 0.1 0.0
2.0999999999998797 0.1 0.0
2.0999999999998797 0.1 0.0
2.0999999999998797 0.1 0.0
2.0999999999998797 0.1 0.0
2.0999999999998797 0.1 0.0
2.0999999999998797 0.1 0.0
2.0999999999998797 0.1 0.0
2.0999999999998797 0.1 0.0
2.0999999999998797 0.1 0.0
2.0999999999998797 0.1 0.0
2.0999999999998797 0.1 0.0
2.0999999999998797 0.1 0.0
2.0999999999998797 0.1 0.0
2.0999999999998797 0.1 0.0
2.0999999999998797 0.1 0.0
2.0999999999998797 0.1 0.0
2.0999999999998797 0.1 0.0
2.0999999999998797 0.1 0.0
2.0999999999998797 0.1 0.0
2.0999999999998797 0.1 0.0
2.0999999999998797 0.1 0.0
2.0999999999998797 0.1 0.0
2.0999999999998797 0.1 0.0
2.0999999999998797 0.1 0.0
2.0999999999998797 0.1 0.0
2.0999999999998797 0.1 0.0
2.0999999999998797 0.1 0.0
2.0999999999998797 0.1 0.0
2.0999999999998797 0.1 0.0
2.0999999999998797 0.1 0.0
2.0999999999998797 0.1 0.0
2.0999999999998797 0.1 0.0
2.0999999999998797 0.1 0.0
2.0999999999998797 0.1 0.0
2.0999999999998797 0.1 0.0
2.0999999999998797 0.1 0.0
2.0999999999998797 0.1 0.0
2.0999999999998797 0.1 0.0
2.0999999999998797 0.1 0.0
2.0999999999998797 0.1 0.0
2.0999999999998797 0.1 0.0
2.0999999999998797 0.1 0.0
2.0999999999998797 0.1 0.0
2.0999999999998797 0.1 0.0
2.0999999999998797 0.1 0.0
2.0999999999998797 0.1 0.0
2.0999999999998797 0.1 0.0
2.0999999999998797 0.1 0.0
2.0999999999998797 0.1 0.0
2.0999999999998797 0.1 0.0
2.0999999999998797 0.1 0.0
2.0999999999998797 0.1 0.0
2.0999999999998797 0.1 0.0
2.0999999999998797 0.1 0.0
2.0999999999998797 0.1 0.0
2.0999999999998797 0.1 0.0
2.0999999999998797 0.1 0.0
2.0999999999998797 0.1 0.0
2.0999999999998797 0.1 0.0
2.0999999999998797 0.1 0.0
2.0999999999998797 0.1 0.0
2.0999999999998797 0.1 0.0
2.0999999999998797 0.1 0.0
2.0999999999998797 0.1 0.0
2.0999999999998797 0.1 0.0
2.0999999999998797 0.1 0.0
2.1001212827987135 0.1 6.345356101624323e-05
2.100480466472183 0.1 0.0002465106205747605
2.1010705539357395 0.1 0.0005384556434818824
2.101884548104836 0.1 0.000928892961266139
2.102915451894923 0.1 0.001407746772178259
2.1041562682214536 0.1 0.00196526114119117
2.105599999999879 0.1 0.0025919999999999997
2.1072396501456514 0.1 0.003278847147022074
2.1090682215742227 0.1 0.004017006247396917
2.111078717201045 0.1 0.004798000832986255
2.113264139941569 0.1 0.00561367430237401
2.115617492711248 0.1 0.006456189920866304
2.118131778425534 0.1 0.007318030820491461
2.1207999999998774 0.1 0.008192
2.1236151603497313 0.1 0.00907122032486464
2.1265702623905476 0.1 0.009949134527280298
2.129658309037777 0.1 0.010819505206164096
2.1328723032068733 0.1 0.01167641482715535
2.1362052478132867 0.1 0.012514265722615575
2.13965014577247 0.1 0.013327780091628487
2.143199999999875 0.1 0.014112
2.1468478134109534 0.1 0.014862287380258223
2.150586588921157 0.1 0.015574324031653479
2.154409329445938 0.1 0.016244111620158264
2.158309037900748 0.1 0.016867971678467306
2.162278717201039 0.1 0.0174425456059975
2.166311370262263 0.1 0.01796479466888796
2.170399999999872 0.1 0.018431999999999997
2.1745376093293176 0.1 0.01884176259891711
2.1787172011660516 0.1 0.019192003331945026
2.1829317784255267 0.1 0.01948096293211162
2.1871743440231937 0.1 0.019707201999167007
2.1914379008745053 0.1 0.0198696009995835
2.195715451894913 0.1 0.019967360266555594
2.1999999999998687 0.1 0.01999999999999999
2.2042845481048245 0.1 0.0199673602665556
2.208562099125232 0.1 0.0198696009995835
2.212825655976544 0.1 0.019707201999167007
2.217068221574211 0.1 0.0194809629321116
2.221282798833686 0.1 0.019192003331945026
2.22546239067042 0.1 0.018841762598917122
2.2295999999998655 0.1 0.018432000000000004
2.2336886297374745 0.1 0.01796479466888795
2.2377212827986983 0.1 0.017442545605997506
2.2416909620989895 0.1 0.01686797167846729
2.2455906705537996 0.1 0.016244111620158264
2.2494134110785806 0.1 0.015574324031653486
2.253152186588784 0.1 0.014862287380258216
2.2567999999998625 0.1 0.014112000000000013
2.2603498542272673 0.1 0.013327780091628494
2.2637947521864508 0.1 0.012514265722615547
2.267127696792864 0.1 0.01167641482715534
2.2703416909619603 0.1 0.01081950520616412
2.27342973760919 0.1 0.009949134527280301
2.276384839650006 0.1 0.009071220324864626
2.27919999999986 0.1 0.008192000000000005
2.2818682215742037 0.1 0.007318030820491456
2.2843825072884894 0.1 0.006456189920866273
2.286735860058168 0.1 0.005613674302374
2.2889212827986927 0.1 0.004798000832986288
2.2909317784255148 0.1 0.004017006247396898
2.292760349854086 0.1 0.0032788471470220903
2.2943999999998583 0.1 0.0025920000000000387
2.295843731778284 0.1 0.001965261141191166
2.2970845481048143 0.1 0.0014077467721782533
2.2981154518949016 0.1 0.0009288929612661367
2.298929446063998 0.1 0.0005384556434818721
2.2995195335275547 0.1 0.00024651062057473583
2.299878717201024 0.1 6.345356101622457e-05
2.2999999999998577 0.1 0.0
2.2999999999998577 0.1 0.0
2.2999999999998577 0.1 0.0
2.2999999999998577 0.1 0.0
2.2999999999998577 0.1 0.0
2.2999999999998577 0.1 0.0
2.2999999999998577 0.1 0.0
2.2999999999998577 0.1 0.0
2.2999999999998577 0.1 0.0
2.2999999999998577 0.1 0.0
2.2999999999998577 0.1 0.0
2.2999999999998577 0.1 0.0
2.2999999999998577 0.1 0.0
2.2999999999998577 0.1 0.0
2.2999999999998577 0.1 0.0
2.2999999999998577 0.1 0.0
2.2999999999998577 0.1 0.0
2.2999999999998577 0.1 0.0
2.2999999999998577 0.1 0.0
2.2999999999998577 0.1 0.0
2.2999999999998577 0.1 0.0
2.2999999999998577 0.1 0.0
2.2999999999998577 0.1 0.0
2.2999999999998577 0.1 0.0
2.2999999999998577 0.1 0.0
2.2999999999998577 0.1 0.0
2.2999999999998577 0.1 0.0
2.2999999999998577 0.1 0.0
2.2999999999998577 0.1 0.0
2.2999999999998577 0.1 0.0
