1.0310923973763693e-17 -0.10163857612916291 -1.3877787807814457e-17
1.0310923973763693e-17 -0.10163857612916291 -1.3877787807814457e-17
1.0310923973763693e-17 -0.10163857612916291 -1.3877787807814457e-17
1.0310923973763693e-17 -0.10163857612916291 -1.3877787807814457e-17
1.0310923973763693e-17 -0.10163857612916291 -1.3877787807814457e-17
1.0310923973763693e-17 -0.10163857612916291 -1.3877787807814457e-17
1.0310923973763693e-17 -0.10163857612916291 -1.3877787807814457e-17
1.0310923973763693e-17 -0.10163857612916291 -1.3877787807814457e-17
1.0310923973763693e-17 -0.10163857612916291 -1.3877787807814457e-17
1.0310923973763693e-17 -0.10163857612916291 -1.3877787807814457e-17
1.0310923973763693e-17 -0.10163857612916291 -1.3877787807814457e-17
1.0310923973763693e-17 -0.10163857612916291 -1.3877787807814457e-17
1.0310923973763693e-17 -0.10163857612916291 -1.3877787807814457e-17
1.0310923973763693e-17 -0.10163857612916291 -1.3877787807814457e-17
1.0310923973763693e-17 -0.10163857612916291 -1.3877787807814457e-17
1.0310923973763693e-17 -0.10163857612916291 -1.3877787807814457e-17
1.0310923973763693e-17 -0.10163857612916291 -1.3877787807814457e-17
1.0310923973763693e-17 -0.10163857612916291 -1.3877787807814457e-17
1.0310923973763693e-17 -0.10163857612916291 -1.3877787807814457e-17
1.0310923973763693e-17 -0.10163857612916291 -1.3877787807814457e-17
1.0310923973763693e-17 -0.10163857612916291 -1.3877787807814457e-17
1.0310923973763693e-17 -0.10163857612916291 -1.3877787807814457e-17
1.0310923973763693e-17 -0.10163857612916291 -1.3877787807814457e-17
1.0310923973763693e-17 -0.10163857612916291 -1.3877787807814457e-17
1.0310923973763693e-17 -0.10163857612916291 -1.3877787807814457e-17
1.0310923973763693e-17 -0.10163857612916291 -1.3877787807814457e-17
1.0310923973763693e-17 -0.10163857612916291 -1.3877787807814457e-17
1.0310923973763693e-17 -0.10163857612916291 -1.3877787807814457e-17
1.0310923973763693e-17 -0.10163857612916291 -1.3877787807814457e-17
1.0310923973763693e-17 -0.10163857612916291 -1.3877787807814457e-17
1.0310923973763693e-17 -0.10163857612916291 -1.3877787807814457e-17
1.0310923973763693e-17 -0.10163857612916291 -1.3877787807814457e-17
1.0310923973763693e-17 -0.10163857612916291 -1.3877787807814457e-17
1.0310923973763693e-17 -0.10163857612916291 -1.3877787807814457e-17
1.0310923973763693e-17 -0.10163857612916291 -1.3877787807814457e-17
1.0310923973763693e-17 -0.10163857612916291 -1.3877787807814457e-17
1.0310923973763693e-17 -0.10163857612916291 -1.3877787807814457e-17
1.0310923973763693e-17 -0.10163857612916291 -1.3877787807814457e-17
1.0310923973763693e-17 -0.10163857612916291 -1.3877787807814457e-17
1.0310923973763693e-17 -0.10163857612916291 -1.3877787807814457e-17
1.0310923973763693e-17 -0.10163857612916291 -1.3877787807814457e-17
1.0310923973763693e-17 -0.10163857612916291 -1.3877787807814457e-17
1.0310923973763693e-17 -0.10163857612916291 -1.3877787807814457e-17
1.0310923973763693e-17 -0.10163857612916291 -1.3877787807814457e-17
1.0310923973763693e-17 -0.10163857612916291 -1.3877787807814457e-17
1.0310923973763693e-17 -0.10163857612916291 -1.3877787807814457e-17
1.0310923973763693e-17 -0.10163857612916291 -1.3877787807814457e-17
1.0310923973763693e-17 -0.10163857612916291 -1.3877787807814457e-17
1.0310923973763693e-17 -0.10163857612916291 -1.3877787807814457e-17
1.0310923973763693e-17 -0.10163857612916291 -1.3877787807814457e-17
1.0310923973763693e-17 -0.10163857612916291 -1.3877787807814457e-17
1.0310923973763693e-17 -0.10163857612916291 -1.3877787807814457e-17
1.0310923973763693e-17 -0.10163857612916291 -1.3877787807814457e-17
1.0310923973763693e-17 -0.10163857612916291 -1.3877787807814457e-17
1.0310923973763693e-17 -0.10163857612916291 -1.3877787807814457e-17
1.0310923973763693e-17 -0.10163857612916291 -1.3877787807814457e-17
1.0310923973763693e-17 -0.10163857612916291 -1.3877787807814457e-17
1.0310923973763693e-17 -0.10163857612916291 -1.3877787807814457e-17
1.0310923973763693e-17 -0.10163857612916291 -1.3877787807814457e-17
1.0310923973763693e-17 -0.10163857612916291 -1.3877787807814457e-17
1.0310923973763693e-17 -0.10163857612916291 -1.3877787807814457e-17
1.0310923973763693e-17 -0.10163857612916291 -1.3877787807814457e-17
1.0310923973763693e-17 -0.10163857612916291 -1.3877787807814457e-17
1.0310923973763693e-17 -0.10163857612916291 -1.3877787807814457e-17
1.0310923973763693e-17 -0.10163857612916291 -1.3877787807814457e-17
1.0310923973763693e-17 -0.10163857612916291 -1.3877787807814457e-17
1.0310923973763693e-17 -0.10163857612916291 -1.3877787807814457e-17
1.0310923973763693e-17 -0.10163857612916291 -1.3877787807814457e-17
1.0310923973763693e-17 -0.10163857612916291 -1.3877787807814457e-17
1.0310923973763693e-17 -0.10163857612916291 -1.3877787807814457e-17
1.0310923973763693e-17 -0.10163857612916291 -1.3877787807814457e-17
1.0310923973763693e-17 -0.10163857612916291 -1.3877787807814457e-17
1.0310923973763693e-17 -0.10163857612916291 -1.3877787807814457e-17
1.0310923973763693e-17 -0.10163857612916291 -1.3877787807814457e-17
1.0310923973763693e-17 -0.10163857612916291 -1.3877787807814457e-17
1.0310923973763693e-17 -0.10163857612916291 -1.3877787807814457e-17
1.0310923973763693e-17 -0.10163857612916291 -1.3877787807814457e-17
1.0310923973763693e-17 -0.10163857612916291 -1.3877787807814457e-17
1.0310923973763693e-17 -0.10163857612916291 -1.3877787807814457e-17
1.0310923973763693e-17 -0.10163857612916291 -1.3877787807814457e-17
1.0310923973763693e-17 -0.10163857612916291 -1.3877787807814457e-17
1.0310923973763693e-17 -0.10163857612916291 -1.3877787807814457e-17
1.0310923973763693e-17 -0.10163857612916291 -1.3877787807814457e-17
1.0310923973763693e-17 -0.10163857612916291 -1.3877787807814457e-17
1.0310923973763693e-17 -0.10163857612916291 -1.3877787807814457e-17
1.0310923973763693e-17 -0.10163857612916291 -1.3877787807814457e-17
1.0310923973763693e-17 -0.10163857612916291 -1.3877787807814457e-17
1.0310923973763693e-17 -0.10163857612916291 -1.3877787807814457e-17
1.0310923973763693e-17 -0.10163857612916291 -1.3877787807814457e-17
1.0310923973763693e-17 -0.10163857612916291 -1.3877787807814457e-17
1.0310923973763693e-17 -0.10163857612916291 -1.3877787807814457e-17
1.0310923973763693e-17 -0.10163857612916291 -1.3877787807814457e-17
1.0310923973763693e-17 -0.10163857612916291 -1.3877787807814457e-17
1.0310923973763693e-17 -0.10163857612916291 -1.3877787807814457e-17
1.0310923973763693e-17 -0.10163857612916291 -1.3877787807814457e-17
1.0310923973763693e-17 -0.10163857612916291 -1.3877787807814457e-17
1.0310923973763693e-17 -0.10163857612916291 -1.3877787807814457e-17
1.0310923973763693e-17 -0.10163857612916291 -1.3877787807814457e-17
1.0310923973763693e-17 -0.10163857612916291 -1.3877787807814457e-17
1.0310923973763693e-17 -0.10163857612916291 -1.3877787807814457e-17
1.0310923973763693e-17 -0.10163857612916291 -1.3877787807814457e-17
1.0310923973763693e-17 -0.10163857612916291 -1.3877787807814457e-17
1.0310923973763693e-17 -0.10163857612916291 -1.3877787807814457e-17
1.0310923973763693e-17 -0.10163857612916291 -1.3877787807814457e-17
1.0310923973763693e-17 -0.10163857612916291 -1.3877787807814457e-17
1.0310923973763693e-17 -0.10163857612916291 -1.3877787807814457e-17
1.0310923973763693e-17 -0.10163857612916291 -1.3877787807814457e-17
1.0310923973763693e-17 -0.10163857612916291 -1.3877787807814457e-17
1.0310923973763693e-17 -0.10163857612916291 -1.3877787807814457e-17
1.0310923973763693e-17 -0.10163857612916291 -1.3877787807814457e-17
1.0310923973763693e-17 -0.10163857612916291 -1.3877787807814457e-17
1.0310923973763693e-17 -0.10163857612916291 -1.3877787807814457e-17
1.0310923973763693e-17 -0.10163857612916291 -1.3877787807814457e-17
1.0310923973763693e-17 -0.10163857612916291 -1.3877787807814457e-17
1.0310923973763693e-17 -0.10163857612916291 -1.3877787807814457e-17
1.0310923973763693e-17 -0.10163857612916291 -1.3877787807814457e-17
1.0310923973763693e-17 -0.10163857612916291 -1.3877787807814457e-17
1.0310923973763693e-17 -0.10163857612916291 -1.3877787807814457e-17
1.0310923973763693e-17 -0.10163857612916291 -1.3877787807814457e-17
1.0310923973763693e-17 -0.10163857612916291 -1.3877787807814457e-17
1.0310923973763693e-17 -0.10163857612916291 -1.3877787807814457e-17
1.0310923973763693e-17 -0.10163857612916291 -1.3877787807814457e-17
1.0310923973763693e-17 -0.10163857612916291 -1.3877787807814457e-17
1.0310923973763693e-17 -0.10163857612916291 -1.3877787807814457e-17
1.0310923973763693e-17 -0.10163857612916291 -1.3877787807814457e-17
1.0310923973763693e-17 -0.10163857612916291 -1.3877787807814457e-17
1.0310923973763693e-17 -0.10163857612916291 -1.3877787807814457e-17
1.0310923973763693e-17 -0.10163857612916291 -1.3877787807814457e-17
1.0310923973763693e-17 -0.10163857612916291 -1.3877787807814457e-17
1.0310923973763693e-17 -0.10163857612916291 -1.3877787807814457e-17
1.0310923973763693e-17 -0.10163857612916291 -1.3877787807814457e-17
1.0310923973763693e-17 -0.10163857612916291 -1.3877787807814457e-17
1.0310923973763693e-17 -0.10163857612916291 -1.3877787807814457e-17
1.0310923973763693e-17 -0.10163857612916291 -1.3877787807814457e-17
1.0310923973763693e-17 -0.10163857612916291 -1.3877787807814457e-17
1.0310923973763693e-17 -0.10163857612916291 -1.3877787807814457e-17
1.0310923973763693e-17 -0.10163857612916291 -1.3877787807814457e-17
1.0310923973763693e-17 -0.10163857612916291 -1.3877787807814457e-17
1.0310923973763693e-17 -0.10163857612916291 -1.3877787807814457e-17
1.0310923973763693e-17 -0.10163857612916291 -1.3877787807814457e-17
1.0310923973763693e-17 -0.10163857612916291 -1.3877787807814457e-17
1.0310923973763693e-17 -0.10163857612916291 -1.3877787807814457e-17
1.0310923973763693e-17 -0.10163857612916291 -1.3877787807814457e-17
1.0310923973763693e-17 -0.10163857612916291 -1.3877787807814457e-17
1.0310923973763693e-17 -0.10163857612916291 -1.3877787807814457e-17
1.0310923973763693e-17 -0.10163857612916291 -1.3877787807814457e-17
1.0310923973763693e-17 -0.10163857612916291 -1.3877787807814457e-17
1.0310923973763693e-17 -0.10163857612916291 -1.3877787807814457e-17
1.0310923973763693e-17 -0.10163857612916291 -1.3877787807814457e-17
1.0310923973763693e-17 -0.10163857612916291 -1.3877787807814457e-17
1.0310923973763693e-17 -0.10163857612916291 -1.3877787807814457e-17
1.0310923973763693e-17 -0.10163857612916291 -1.3877787807814457e-17
1.0310923973763693e-17 -0.10163857612916291 -1.3877787807814457e-17
1.0310923973763693e-17 -0.10163857612916291 -1.3877787807814457e-17
1.0310923973763693e-17 -0.10163857612916291 -1.3877787807814457e-17
1.0310923973763693e-17 -0.10163857612916291 -1.3877787807814457e-17
1.0310923973763693e-17 -0.10163857612916291 -1.3877787807814457e-17
1.0310923973763693e-17 -0.10163857612916291 -1.3877787807814457e-17
1.0310923973763693e-17 -0.10163857612916291 -1.3877787807814457e-17
1.0310923973763693e-17 -0.10163857612916291 -1.3877787807814457e-17
1.0310923973763693e-17 -0.10163857612916291 -1.3877787807814457e-17
1.0310923973763693e-17 -0.10163857612916291 -1.3877787807814457e-17
1.0310923973763693e-17 -0.10163857612916291 -1.3877787807814457e-17
1.0310923973763693e-17 -0.10163857612916291 -1.3877787807814457e-17
1.0310923973763693e-17 -0.10163857612916291 -1.3877787807814457e-17
1.0310923973763693e-17 -0.10163857612916291 -1.3877787807814457e-17
1.0310923973763693e-17 -0.10163857612916291 -1.3877787807814457e-17
1.0310923973763693e-17 -0.10163857612916291 -1.3877787807814457e-17
1.0310923973763693e-17 -0.10163857612916291 -1.3877787807814457e-17
1.0310923973763693e-17 -0.10163857612916291 -1.3877787807814457e-17
1.0310923973763693e-17 -0.10163857612916291 -1.3877787807814457e-17
1.0310923973763693e-17 -0.10163857612916291 -1.3877787807814457e-17
1.0310923973763693e-17 -0.10163857612916291 -1.3877787807814457e-17
1.0310923973763693e-17 -0.10163857612916291 -1.3877787807814457e-17
1.0310923973763693e-17 -0.10163857612916291 -1.3877787807814457e-17
1.0310923973763693e-17 -0.10163857612916291 -1.3877787807814457e-17
1.0310923973763693e-17 -0.10163857612916291 -1.3877787807814457e-17
1.0310923973763693e-17 -0.10163857612916291 -1.3877787807814457e-17
1.0310923973763693e-17 -0.10163857612916291 -1.3877787807814457e-17
1.0310923973763693e-17 -0.10163857612916291 -1.3877787807814457e-17
1.0310923973763693e-17 -0.10163857612916291 -1.3877787807814457e-17
1.0310923973763693e-17 -0.10163857612916291 -1.3877787807814457e-17
1.0310923973763693e-17 -0.10163857612916291 -1.3877787807814457e-17
1.0310923973763693e-17 -0.10163857612916291 -1.3877787807814457e-17
1.0310923973763693e-17 -0.10163857612916291 -1.3877787807814457e-17
1.0310923973763693e-17 -0.10163857612916291 -1.3877787807814457e-17
1.0310923973763693e-17 -0.10163857612916291 -1.3877787807814457e-17
1.0310923973763693e-17 -0.10163857612916291 -1.3877787807814457e-17
1.0310923973763693e-17 -0.10163857612916291 -1.3877787807814457e-17
1.0310923973763693e-17 -0.10163857612916291 -1.3877787807814457e-17
1.0310923973763693e-17 -0.10163857612916291 -1.3877787807814457e-17
1.0310923973763693e-17 -0.10163857612916291 -1.3877787807814457e-17
1.0310923973763693e-17 -0.10163857612916291 -1.3877787807814457e-17
1.0310923973763693e-17 -0.10163857612916291 -1.3877787807814457e-17
1.0310923973763693e-17 -0.10163857612916291 -1.3877787807814457e-17
1.0310923973763693e-17 -0.10163857612916291 -1.3877787807814457e-17
1.0310923973763693e-17 -0.10163857612916291 -1.3877787807814457e-17
1.0310923973763693e-17 -0.10163857612916291 -1.3877787807814457e-17
1.0310923973763693e-17 -0.10163857612916291 -1.3877787807814457e-17
1.0310923973763693e-17 -0.10163857612916291 -1.3877787807814457e-17
1.0310923973763693e-17 -0.1 0.0
1.0310923973763693e-17 -0.1 0.0
1.0310923973763693e-17 -0.1 0.0
1.0310923973763693e-17 -0.1 0.0
1.0310923973763693e-17 -0.1 0.0
1.0310923973763693e-17 -0.1 0.0
1.0310923973763693e-17 -0.1 0.0
1.0310923973763693e-17 -0.1 0.0
1.0310923973763693e-17 -0.1 0.0
1.0310923973763693e-17 -0.1 0.0
1.0310923973763693e-17 -0.1 0.0
1.0310923973763693e-17 -0.1 0.0
1.0310923973763693e-17 -0.1 0.0
1.0310923973763693e-17 -0.1 0.0
1.0310923973763693e-17 -0.1 0.0
1.0310923973763693e-17 -0.1 0.0
1.0310923973763693e-17 -0.1 0.0
1.0310923973763693e-17 -0.1 0.0
1.0310923973763693e-17 -0.1 0.0
1.0310923973763693e-17 -0.1 0.0
1.0310923973763693e-17 -0.1 0.0
1.0310923973763693e-17 -0.1 0.0
1.0310923973763693e-17 -0.1 0.0
1.0310923973763693e-17 -0.1 0.0
1.0310923973763693e-17 -0.1 0.0
1.0310923973763693e-17 -0.1 0.0
1.0310923973763693e-17 -0.1 0.0
1.0310923973763693e-17 -0.1 0.0
1.0310923973763693e-17 -0.1 0.0
1.0310923973763693e-17 -0.1 0.0
1.0310923973763693e-17 -0.1 0.0
1.0310923973763693e-17 -0.1 0.0
1.0310923973763693e-17 -0.1 0.0
1.0310923973763693e-17 -0.1 0.0
1.0310923973763693e-17 -0.1 0.0
1.0310923973763693e-17 -0.1 0.0
1.0310923973763693e-17 -0.1 0.0
1.0310923973763693e-17 -0.1 0.0
1.0310923973763693e-17 -0.1 0.0
1.0310923973763693e-17 -0.1 0.0
1.0310923973763693e-17 -0.1 0.0
1.0310923973763693e-17 -0.1 0.0
1.0310923973763693e-17 -0.1 0.0
1.0310923973763693e-17 -0.1 0.0
1.0310923973763693e-17 -0.1 0.0
1.0310923973763693e-17 -0.1 0.0
1.0310923973763693e-17 -0.1 0.0
1.0310923973763693e-17 -0.1 0.0
1.0310923973763693e-17 -0.1 0.0
1.0310923973763693e-17 -0.1 0.0
1.0310923973763693e-17 -0.1 0.0
1.0310923973763693e-17 -0.1 0.0
1.0310923973763693e-17 -0.1 0.0
1.0310923973763693e-17 -0.1 0.0
1.0310923973763693e-17 -0.1 0.0
1.0310923973763693e-17 -0.1 0.0
1.0310923973763693e-17 -0.1 0.0
1.0310923973763693e-17 -0.1 0.0
1.0310923973763693e-17 -0.1 0.0
1.0310923973763693e-17 -0.1 0.0
1.0310923973763693e-17 -0.1 0.0
1.0310923973763693e-17 -0.1 0.0
1.0310923973763693e-17 -0.1 0.0
1.0310923973763693e-17 -0.1 0.0
1.0310923973763693e-17 -0.1 0.0
1.0310923973763693e-17 -0.1 0.0
1.0310923973763693e-17 -0.1 0.0
1.0310923973763693e-17 -0.1 0.0
1.0310923973763693e-17 -0.1 0.0
1.0310923973763693e-17 -0.1 0.0
1.0310923973763693e-17 -0.1 0.0
1.0310923973763693e-17 -0.1 0.0
1.0310923973763693e-17 -0.1 0.0
1.0310923973763693e-17 -0.1 0.0
1.0310923973763693e-17 -0.1 0.0
1.0310923973763693e-17 -0.1 0.0
1.0310923973763693e-17 -0.1 0.0
1.0310923973763693e-17 -0.1 0.0
1.0310923973763693e-17 -0.1 0.0
1.0310923973763693e-17 -0.1 0.0
1.0310923973763693e-17 -0.1 0.0
1.0310923973763693e-17 -0.1 0.0
1.0310923973763693e-17 -0.1 0.0
1.0310923973763693e-17 -0.1 0.0
1.0310923973763693e-17 -0.1 0.0
1.0310923973763693e-17 -0.1 0.0
1.0310923973763693e-17 -0.1 0.0
1.0310923973763693e-17 -0.1 0.0
1.0310923973763693e-17 -0.1 0.0
1.0310923973763693e-17 -0.1 0.0
1.0310923973763693e-17 -0.1 0.0
1.0310923973763693e-17 -0.1 0.0
1.0310923973763693e-17 -0.1 0.0
1.0310923973763693e-17 -0.1 0.0
1.0310923973763693e-17 -0.1 0.0
1.0310923973763693e-17 -0.1 0.0
1.0310923973763693e-17 -0.1 0.0
1.0310923973763693e-17 -0.1 0.0
1.0310923973763693e-17 -0.1 0.0
1.0310923973763693e-17 -0.1 0.0
1.0310923973763693e-17 -0.1 0.0
0.00012128279883382966 -0.1 6.345356101624323e-05
0.0004804664723032177 -0.1 0.0002465106205747605
0.0010705539358600697 -0.1 0.0005384556434818824
0.0018845481049562802 -0.1 0.000928892961266139
0.0029154518950437447 -0.1 0.001407746772178259
0.004156268221574358 -0.1 0.00196526114119117
0.005600000000000015 -0.1 0.0025919999999999997
0.007239650145772611 -0.1 0.003278847147022074
0.009068221574344042 -0.1 0.004017006247396917
0.0110787172011662 -0.1 0.004798000832986255
0.013264139941690983 -0.1 0.00561367430237401
0.015617492711370286 -0.1 0.006456189920866304
0.018131778425656 -0.1 0.007318030820491461
0.020800000000000027 -0.1 0.008192
0.023615160349854256 -0.1 0.00907122032486464
0.026570262390670587 -0.1 0.009949134527280298
0.02965830903790091 -0.1 0.010819505206164096
0.03287230320699712 -0.1 0.01167641482715535
0.03620524781341112 -0.1 0.012514265722615575
0.03965014577259479 -0.1 0.013327780091628487
0.04320000000000004 -0.1 0.014112
0.04684781341107877 -0.1 0.014862287380258223
0.05058658892128286 -0.1 0.015574324031653479
0.05440932944606419 -0.1 0.016244111620158264
0.05830903790087469 -0.1 0.016867971678467306
0.06227871720116624 -0.1 0.0174425456059975
0.06631137026239074 -0.1 0.01796479466888796
0.07040000000000007 -0.1 0.018431999999999997
0.07453760932944613 -0.1 0.01884176259891711
0.07871720116618083 -0.1 0.019192003331945026
0.08293177842565605 -0.1 0.01948096293211162
0.08717434402332369 -0.1 0.019707201999167007
0.09143790087463566 -0.1 0.0198696009995835
0.09571545189504381 -0.1 0.019967360266555594
0.1000000000000001 -0.1 0.01999999999999999
0.10428454810495637 -0.1 0.0199673602665556
0.10856209912536452 -0.1 0.0198696009995835
0.11282565597667649 -0.1 0.019707201999167007
0.11706822157434414 -0.1 0.0194809629321116
0.12128279883381937 -0.1 0.019192003331945026
0.12546239067055404 -0.1 0.018841762598917122
0.1296000000000001 -0.1 0.018432000000000004
0.13368862973760942 -0.1 0.01796479466888795
0.13772128279883394 -0.1 0.017442545605997506
0.14169096209912546 -0.1 0.01686797167846729
0.14559067055393599 -0.1 0.016244111620158264
0.1494134110787173 -0.1 0.015574324031653486
0.15315218658892144 -0.1 0.014862287380258216
0.15680000000000013 -0.1 0.014112000000000013
0.16034985422740536 -0.1 0.013327780091628494
0.16379475218658904 -0.1 0.012514265722615547
0.16712769679300302 -0.1 0.01167641482715534
0.17034169096209925 -0.1 0.01081950520616412
0.1734297376093296 -0.1 0.009949134527280301
0.1763848396501459 -0.1 0.009071220324864626
0.17920000000000014 -0.1 0.008192000000000005
0.1818682215743442 -0.1 0.007318030820491456
0.18438250728862984 -0.1 0.006456189920866273
0.18673586005830914 -0.1 0.005613674302374
0.1889212827988339 -0.1 0.004798000832986288
0.19093177842565606 -0.1 0.004017006247396898
0.19276034985422755 -0.1 0.0032788471470220903
0.19440000000000013 -0.1 0.0025920000000000387
0.1958437317784258 -0.1 0.001965261141191166
0.1970845481049564 -0.1 0.0014077467721782533
0.19811545189504393 -0.1 0.0009288929612661367
0.19892944606414012 -0.1 0.0005384556434818721
0.1995195335276969 -0.1 0.00024651062057473583
0.1998787172011663 -0.1 6.345356101622457e-05
0.20000000000000018 -0.1 0.0
0.20000000000000018 -0.1 0.0
0.20000000000000018 -0.1 0.0
0.20000000000000018 -0.1 0.0
0.20000000000000018 -0.1 0.0
0.20000000000000018 -0.1 0.0
0.20000000000000018 -0.1 0.0
0.20000000000000018 -0.1 0.0
0.20000000000000018 -0.1 0.0
0.20000000000000018 -0.1 0.0
0.20000000000000018 -0.1 0.0
0.20000000000000018 -0.1 0.0
0.20000000000000018 -0.1 0.0
0.20000000000000018 -0.1 0.0
0.20000000000000018 -0.1 0.0
0.20000000000000018 -0.1 0.0
0.20000000000000018 -0.1 0.0
0.20000000000000018 -0.1 0.0
0.20000000000000018 -0.1 0.0
0.20000000000000018 -0.1 0.0
0.20000000000000018 -0.1 0.0
0.20000000000000018 -0.1 0.0
0.20000000000000018 -0.1 0.0
0.20000000000000018 -0.1 0.0
0.20000000000000018 -0.1 0.0
0.20000000000000018 -0.1 0.0
0.20000000000000018 -0.1 0.0
0.20000000000000018 -0.1 0.0
0.20000000000000018 -0.1 0.0
0.20000000000000018 -0.1 0.0
0.20000000000000018 -0.1 0.0
0.20000000000000018 -0.1 0.0
0.20000000000000018 -0.1 0.0
0.20000000000000018 -0.1 0.0
0.20000000000000018 -0.1 0.0
0.20000000000000018 -0.1 0.0
0.20000000000000018 -0.1 0.0
0.20000000000000018 -0.1 0.0
0.20000000000000018 -0.1 0.0
0.20000000000000018 -0.1 0.0
0.20000000000000018 -0.1 0.0
0.20000000000000018 -0.1 0.0
0.20000000000000018 -0.1 0.0
0.20000000000000018 -0.1 0.0
0.20000000000000018 -0.1 0.0
0.20000000000000018 -0.1 0.0
0.20000000000000018 -0.1 0.0
0.20000000000000018 -0.1 0.0
0.20000000000000018 -0.1 0.0
0.20000000000000018 -0.1 0.0
0.20000000000000018 -0.1 0.0
0.20000000000000018 -0.1 0.0
0.20000000000000018 -0.1 0.0
0.20000000000000018 -0.1 0.0
0.20000000000000018 -0.1 0.0
0.20000000000000018 -0.1 0.0
0.20000000000000018 -0.1 0.0
0.20000000000000018 -0.1 0.0
0.20000000000000018 -0.1 0.0
0.20000000000000018 -0.1 0.0
0.20000000000000018 -0.1 0.0
0.20000000000000018 -0.1 0.0
0.20000000000000018 -0.1 0.0
0.20000000000000018 -0.1 0.0
0.20000000000000018 -0.1 0.0
0.20000000000000018 -0.1 0.0
0.20000000000000018 -0.1 0.0
0.20000000000000018 -0.1 0.0
0.20000000000000018 -0.1 0.0
0.20000000000000018 -0.1 0.0
0.20000000000000018 -0.1 0.0
0.20000000000000018 -0.1 0.0
0.20000000000000018 -0.1 0.0
0.20000000000000018 -0.1 0.0
0.20000000000000018 -0.1 0.0
0.20000000000000018 -0.1 0.0
0.20000000000000018 -0.1 0.0
0.20000000000000018 -0.1 0.0
0.20000000000000018 -0.1 0.0
0.20000000000000018 -0.1 0.0
0.20000000000000018 -0.1 0.0
0.20000000000000018 -0.1 0.0
0.20000000000000018 -0.1 0.0
0.20000000000000018 -0.1 0.0
0.20000000000000018 -0.1 0.0
0.20000000000000018 -0.1 0.0
0.20000000000000018 -0.1 0.0
0.20000000000000018 -0.1 0.0
0.20000000000000018 -0.1 0.0
0.20000000000000018 -0.1 0.0
0.20000000000000018 -0.1 0.0
0.20000000000000018 -0.1 0.0
0.20000000000000018 -0.1 0.0
0.20000000000000018 -0.1 0.0
0.20000000000000018 -0.1 0.0
0.20000000000000018 -0.1 0.0
0.20000000000000018 -0.1 0.0
0.20000000000000018 -0.1 0.0
0.20000000000000018 -0.1 0.0
0.20000000000000018 -0.1 0.0
0.20000000000000018 -0.1 0.0
0.20000000000000018 -0.1 0.0
0.20000000000000018 -0.1 0.0
0.20000000000000018 -0.1 0.0
0.20000000000000018 -0.1 0.0
0.20000000000000018 -0.1 0.0
0.20000000000000018 -0.1 0.0
0.20000000000000018 -0.1 0.0
0.20000000000000018 -0.1 0.0
0.20000000000000018 -0.1 0.0
0.20000000000000018 -0.1 0.0
0.20000000000000018 -0.1 0.0
0.20000000000000018 -0.1 0.0
0.20000000000000018 -0.1 0.0
0.20000000000000018 -0.1 0.0
0.20000000000000018 -0.1 0.0
0.20000000000000018 -0.1 0.0
0.20000000000000018 -0.1 0.0
0.20000000000000018 -0.1 0.0
0.20000000000000018 -0.1 0.0
0.20000000000000018 -0.1 0.0
0.20000000000000018 -0.1 0.0
0.20000000000000018 -0.1 0.0
0.20000000000000018 -0.1 0.0
0.20000000000000018 -0.1 0.0
0.20000000000000018 -0.1 0.0
0.20000000000000018 -0.1 0.0
0.20000000000000018 -0.1 0.0
0.20000000000000018 -0.1 0.0
0.20000000000000018 -0.1 0.0
0.20000000000000018 -0.1 0.0
0.200121282798834 -0.1 6.345356101624323e-05
0.2004804664723034 -0.1 0.0002465106205747605
0.20107055393586024 -0.1 0.0005384556434818824
0.20188454810495646 -0.1 0.000928892961266139
0.20291545189504392 -0.1 0.001407746772178259
0.20415626822157454 -0.1 0.00196526114119117
0.20560000000000017 -0.1 0.0025919999999999997
0.20723965014577278 -0.1 0.003278847147022074
0.2090682215743442 -0.1 0.004017006247396917
0.21107871720116636 -0.1 0.004798000832986255
0.21326413994169116 -0.1 0.00561367430237401
0.21561749271137046 -0.1 0.006456189920866304
0.21813177842565618 -0.1 0.007318030820491461
0.2208000000000002 -0.1 0.008192
0.22361516034985443 -0.1 0.00907122032486464
0.22657026239067074 -0.1 0.009949134527280298
0.22965830903790108 -0.1 0.010819505206164096
0.23287230320699728 -0.1 0.01167641482715535
0.2362052478134113 -0.1 0.012514265722615575
0.23965014577259497 -0.1 0.013327780091628487
0.2432000000000002 -0.1 0.014112
0.24684781341107895 -0.1 0.014862287380258223
0.25058658892128305 -0.1 0.015574324031653479
0.25440932944606437 -0.1 0.016244111620158264
0.25830903790087484 -0.1 0.016867971678467306
0.2622787172011664 -0.1 0.0174425456059975
0.26631137026239093 -0.1 0.01796479466888796
0.27040000000000025 -0.1 0.018431999999999997
0.27453760932944626 -0.1 0.01884176259891711
0.278717201166181 -0.1 0.019192003331945026
0.2829317784256562 -0.1 0.01948096293211162
0.28717434402332387 -0.1 0.019707201999167007
0.29143790087463584 -0.1 0.0198696009995835
0.295715451895044 -0.1 0.019967360266555594
0.30000000000000027 -0.1 0.01999999999999999
0.30428454810495653 -0.1 0.0199673602665556
0.3085620991253647 -0.1 0.0198696009995835
0.31282565597667666 -0.1 0.019707201999167007
0.31706822157434433 -0.1 0.0194809629321116
0.32128279883381955 -0.1 0.019192003331945026
0.3254623906705542 -0.1 0.018841762598917122
0.3296000000000003 -0.1 0.018432000000000004
0.3336886297376096 -0.1 0.01796479466888795
0.3377212827988341 -0.1 0.017442545605997506
0.34169096209912564 -0.1 0.01686797167846729
0.34559067055393616 -0.1 0.016244111620158264
0.3494134110787175 -0.1 0.015574324031653486
0.3531521865889216 -0.1 0.014862287380258216
0.35680000000000034 -0.1 0.014112000000000013
0.3603498542274055 -0.1 0.013327780091628494
0.3637947521865892 -0.1 0.012514265722615547
0.36712769679300317 -0.1 0.01167641482715534
0.37034169096209946 -0.1 0.01081950520616412
0.37342973760932974 -0.1 0.009949134527280301
0.3763848396501461 -0.1 0.009071220324864626
0.3792000000000003 -0.1 0.008192000000000005
0.3818682215743444 -0.1 0.007318030820491456
0.38438250728863 -0.1 0.006456189920866273
0.3867358600583093 -0.1 0.005613674302374
0.3889212827988341 -0.1 0.004798000832986288
0.39093177842565624 -0.1 0.004017006247396898
0.3927603498542277 -0.1 0.0032788471470220903
0.3944000000000003 -0.1 0.0025920000000000387
0.39584373177842597 -0.1 0.001965261141191166
0.3970845481049566 -0.1 0.0014077467721782533
0.3981154518950441 -0.1 0.0009288929612661367
0.39892944606414027 -0.1 0.0005384556434818721
0.3995195335276971 -0.1 0.00024651062057473583
0.39987871720116647 -0.1 6.345356101622457e-05
0.40000000000000036 -0.1 0.0
0.40000000000000036 -0.1 0.0
0.40000000000000036 -0.1 0.0
0.40000000000000036 -0.1 0.0
0.40000000000000036 -0.1 0.0
0.40000000000000036 -0.1 0.0
0.40000000000000036 -0.1 0.0
0.40000000000000036 -0.1 0.0
0.40000000000000036 -0.1 0.0
0.40000000000000036 -0.1 0.0
0.40000000000000036 -0.1 0.0
0.40000000000000036 -0.1 0.0
0.40000000000000036 -0.1 0.0
0.40000000000000036 -0.1 0.0
0.40000000000000036 -0.1 0.0
0.40000000000000036 -0.1 0.0
0.40000000000000036 -0.1 0.0
0.40000000000000036 -0.1 0.0
0.40000000000000036 -0.1 0.0
0.40000000000000036 -0.1 0.0
0.40000000000000036 -0.1 0.0
0.40000000000000036 -0.1 0.0
0.40000000000000036 -0.1 0.0
0.40000000000000036 -0.1 0.0
0.40000000000000036 -0.1 0.0
0.40000000000000036 -0.1 0.0
0.40000000000000036 -0.1 0.0
0.40000000000000036 -0.1 0.0
0.40000000000000036 -0.1 0.0
0.40000000000000036 -0.1 0.0
0.40000000000000036 -0.1 0.0
0.40000000000000036 -0.1 0.0
0.40000000000000036 -0.1 0.0
0.40000000000000036 -0.1 0.0
0.40000000000000036 -0.1 0.0
0.40000000000000036 -0.1 0.0
0.40000000000000036 -0.1 0.0
0.40000000000000036 -0.1 0.0
0.40000000000000036 -0.1 0.0
0.40000000000000036 -0.1 0.0
0.40000000000000036 -0.1 0.0
0.40000000000000036 -0.1 0.0
0.40000000000000036 -0.1 0.0
0.40000000000000036 -0.1 0.0
0.40000000000000036 -0.1 0.0
0.40000000000000036 -0.1 0.0
0.40000000000000036 -0.1 0.0
0.40000000000000036 -0.1 0.0
0.40000000000000036 -0.1 0.0
0.40000000000000036 -0.1 0.0
0.40000000000000036 -0.1 0.0
0.40000000000000036 -0.1 0.0
0.40000000000000036 -0.1 0.0
0.40000000000000036 -0.1 0.0
0.40000000000000036 -0.1 0.0
0.40000000000000036 -0.1 0.0
0.40000000000000036 -0.1 0.0
0.40000000000000036 -0.1 0.0
0.40000000000000036 -0.1 0.0
0.40000000000000036 -0.1 0.0
0.40000000000000036 -0.1 0.0
0.40000000000000036 -0.1 0.0
0.40000000000000036 -0.1 0.0
0.40000000000000036 -0.1 0.0
0.40000000000000036 -0.1 0.0
0.40000000000000036 -0.1 0.0
0.40000000000000036 -0.1 0.0
0.40000000000000036 -0.1 0.0
0.40000000000000036 -0.1 0.0
0.40000000000000036 -0.1 0.0
0.40000000000000036 -0.1 0.0
0.40000000000000036 -0.1 0.0
0.40000000000000036 -0.1 0.0
0.40000000000000036 -0.1 0.0
0.40000000000000036 -0.1 0.0
0.40000000000000036 -0.1 0.0
0.40000000000000036 -0.1 0.0
0.40000000000000036 -0.1 0.0
0.40000000000000036 -0.1 0.0
0.40000000000000036 -0.1 0.0
0.40000000000000036 -0.1 0.0
0.40000000000000036 -0.1 0.0
0.40000000000000036 -0.1 0.0
0.40000000000000036 -0.1 0.0
0.40000000000000036 -0.1 0.0
0.40000000000000036 -0.1 0.0
0.40000000000000036 -0.1 0.0
0.40000000000000036 -0.1 0.0
0.40000000000000036 -0.1 0.0
0.40000000000000036 -0.1 0.0
0.40000000000000036 -0.1 0.0
0.40000000000000036 -0.1 0.0
0.40000000000000036 -0.1 0.0
0.40000000000000036 -0.1 0.0
0.40000000000000036 -0.1 0.0
0.40000000000000036 -0.1 0.0
0.40000000000000036 -0.1 0.0
0.40000000000000036 -0.1 0.0
0.40000000000000036 -0.1 0.0
0.40000000000000036 -0.1 0.0
0.40000000000000036 -0.1 0.0
0.40000000000000036 -0.1 0.0
0.40000000000000036 -0.1 0.0
0.40000000000000036 -0.1 0.0
0.40000000000000036 -0.1 0.0
0.40000000000000036 -0.1 0.0
0.40000000000000036 -0.1 0.0
0.40000000000000036 -0.1 0.0
0.40000000000000036 -0.1 0.0
0.40000000000000036 -0.1 0.0
0.40000000000000036 -0.1 0.0
0.40000000000000036 -0.1 0.0
0.40000000000000036 -0.1 0.0
0.40000000000000036 -0.1 0.0
0.40000000000000036 -0.1 0.0
0.40000000000000036 -0.1 0.0
0.40000000000000036 -0.1 0.0
0.40000000000000036 -0.1 0.0
0.40000000000000036 -0.1 0.0
0.40000000000000036 -0.1 0.0
0.40000000000000036 -0.1 0.0
0.40000000000000036 -0.1 0.0
0.40000000000000036 -0.1 0.0
0.40000000000000036 -0.1 0.0
0.40000000000000036 -0.1 0.0
0.40000000000000036 -0.1 0.0
0.40000000000000036 -0.1 0.0
0.40000000000000036 -0.1 0.0
0.40000000000000036 -0.1 0.0
0.40000000000000036 -0.1 0.0
0.40000000000000036 -0.1 0.0
0.4001212827988342 -0.1 6.345356101624323e-05
0.40048046647230356 -0.1 0.0002465106205747605
0.40107055393586044 -0.1 0.0005384556434818824
0.4018845481049566 -0.1 0.000928892961266139
0.4029154518950441 -0.1 0.001407746772178259
0.4041562682215747 -0.1 0.00196526114119117
0.40560000000000035 -0.1 0.0025919999999999997
0.40723965014577296 -0.1 0.003278847147022074
0.4090682215743444 -0.1 0.004017006247396917
0.41107871720116657 -0.1 0.004798000832986255
0.4132641399416913 -0.1 0.00561367430237401
0.4156174927113706 -0.1 0.006456189920866304
0.41813177842565635 -0.1 0.007318030820491461
0.4208000000000004 -0.1 0.008192
0.4236151603498546 -0.1 0.00907122032486464
0.4265702623906709 -0.1 0.009949134527280298
0.42965830903790125 -0.1 0.010819505206164096
0.4328723032069975 -0.1 0.01167641482715535
0.43620524781341147 -0.1 0.012514265722615575
0.43965014577259515 -0.1 0.013327780091628487
0.44320000000000037 -0.1 0.014112
0.4468478134110791 -0.1 0.014862287380258223
0.4505865889212832 -0.1 0.015574324031653479
0.45440932944606455 -0.1 0.016244111620158264
0.458309037900875 -0.1 0.016867971678467306
0.4622787172011666 -0.1 0.0174425456059975
0.4663113702623911 -0.1 0.01796479466888796
0.47040000000000043 -0.1 0.018431999999999997
0.47453760932944644 -0.1 0.01884176259891711
0.47871720116618116 -0.1 0.019192003331945026
0.4829317784256564 -0.1 0.01948096293211162
0.48717434402332405 -0.1 0.019707201999167007
0.491437900874636 -0.1 0.0198696009995835
0.4957154518950442 -0.1 0.019967360266555594
0.5000000000000004 -0.1 0.01999999999999999
0.5042845481049567 -0.1 0.0199673602665556
0.5085620991253649 -0.1 0.0198696009995835
0.5128256559766768 -0.1 0.019707201999167007
0.5170682215743445 -0.1 0.0194809629321116
0.5212827988338197 -0.1 0.019192003331945026
0.5254623906705544 -0.1 0.018841762598917122
0.5296000000000005 -0.1 0.018432000000000004
0.5336886297376098 -0.1 0.01796479466888795
0.5377212827988342 -0.1 0.017442545605997506
0.5416909620991258 -0.1 0.01686797167846729
0.5455906705539364 -0.1 0.016244111620158264
0.5494134110787177 -0.1 0.015574324031653486
0.5531521865889217 -0.1 0.014862287380258216
0.5568000000000005 -0.1 0.014112000000000013
0.5603498542274057 -0.1 0.013327780091628494
0.5637947521865894 -0.1 0.012514265722615547
0.5671276967930033 -0.1 0.01167641482715534
0.5703416909620996 -0.1 0.01081950520616412
0.5734297376093299 -0.1 0.009949134527280301
0.5763848396501463 -0.1 0.009071220324864626
0.5792000000000005 -0.1 0.008192000000000005
0.5818682215743446 -0.1 0.007318030820491456
0.5843825072886302 -0.1 0.006456189920866273
0.5867358600583095 -0.1 0.005613674302374
0.5889212827988343 -0.1 0.004798000832986288
0.5909317784256565 -0.1 0.004017006247396898
0.5927603498542279 -0.1 0.0032788471470220903
0.5944000000000005 -0.1 0.0025920000000000387
0.5958437317784262 -0.1 0.001965261141191166
0.5970845481049567 -0.1 0.0014077467721782533
0.5981154518950442 -0.1 0.0009288929612661367
0.5989294460641404 -0.1 0.0005384556434818721
0.5995195335276973 -0.1 0.00024651062057473583
0.5998787172011666 -0.1 6.345356101622457e-05
0.6000000000000005 -0.1 0.0
0.6000000000000005 -0.1 0.0
0.6000000000000005 -0.1 0.0
0.6000000000000005 -0.1 0.0
0.6000000000000005 -0.1 0.0
0.6000000000000005 -0.1 0.0
0.6000000000000005 -0.1 0.0
0.6000000000000005 -0.1 0.0
0.6000000000000005 -0.1 0.0
0.6000000000000005 -0.1 0.0
0.6000000000000005 -0.1 0.0
0.6000000000000005 -0.1 0.0
0.6000000000000005 -0.1 0.0
0.6000000000000005 -0.1 0.0
0.6000000000000005 -0.1 0.0
0.6000000000000005 -0.1 0.0
0.6000000000000005 -0.1 0.0
0.6000000000000005 -0.1 0.0
0.6000000000000005 -0.1 0.0
0.6000000000000005 -0.1 0.0
0.6000000000000005 -0.1 0.0
0.6000000000000005 -0.1 0.0
0.6000000000000005 -0.1 0.0
0.6000000000000005 -0.1 0.0
0.6000000000000005 -0.1 0.0
0.6000000000000005 -0.1 0.0
0.6000000000000005 -0.1 0.0
0.6000000000000005 -0.1 0.0
0.6000000000000005 -0.1 0.0
0.6000000000000005 -0.1 0.0
0.6000000000000005 -0.1 0.0
0.6000000000000005 -0.1 0.0
0.6000000000000005 -0.1 0.0
0.6000000000000005 -0.1 0.0
0.6000000000000005 -0.1 0.0
0.6000000000000005 -0.1 0.0
0.6000000000000005 -0.1 0.0
0.6000000000000005 -0.1 0.0
0.6000000000000005 -0.1 0.0
0.6000000000000005 -0.1 0.0
0.6000000000000005 -0.1 0.0
0.6000000000000005 -0.1 0.0
0.6000000000000005 -0.1 0.0
0.6000000000000005 -0.1 0.0
0.6000000000000005 -0.1 0.0
0.6000000000000005 -0.1 0.0
0.6000000000000005 -0.1 0.0
0.6000000000000005 -0.1 0.0
0.6000000000000005 -0.1 0.0
0.6000000000000005 -0.1 0.0
0.6000000000000005 -0.1 0.0
0.6000000000000005 -0.1 0.0
0.6000000000000005 -0.1 0.0
0.6000000000000005 -0.1 0.0
0.6000000000000005 -0.1 0.0
0.6000000000000005 -0.1 0.0
0.6000000000000005 -0.1 0.0
0.6000000000000005 -0.1 0.0
0.6000000000000005 -0.1 0.0
0.6000000000000005 -0.1 0.0
0.6000000000000005 -0.1 0.0
0.6000000000000005 -0.1 0.0
0.6000000000000005 -0.1 0.0
0.6000000000000005 -0.1 0.0
0.6000000000000005 -0.1 0.0
0.6000000000000005 -0.1 0.0
0.6000000000000005 -0.1 0.0
0.6000000000000005 -0.1 0.0
0.6000000000000005 -0.1 0.0
0.6000000000000005 -0.1 0.0
0.6000000000000005 -0.1 0.0
0.6000000000000005 -0.1 0.0
0.6000000000000005 -0.1 0.0
0.6000000000000005 -0.1 0.0
0.6000000000000005 -0.1 0.0
0.6000000000000005 -0.1 0.0
0.6000000000000005 -0.1 0.0
0.6000000000000005 -0.1 0.0
0.6000000000000005 -0.1 0.0
0.6000000000000005 -0.1 0.0
0.6000000000000005 -0.1 0.0
0.6000000000000005 -0.1 0.0
0.6000000000000005 -0.1 0.0
0.6000000000000005 -0.1 0.0
0.6000000000000005 -0.1 0.0
0.6000000000000005 -0.1 0.0
0.6000000000000005 -0.1 0.0
0.6000000000000005 -0.1 0.0
0.6000000000000005 -0.1 0.0
0.6000000000000005 -0.1 0.0
0.6000000000000005 -0.1 0.0
0.6000000000000005 -0.1 0.0
0.6000000000000005 -0.1 0.0
0.6000000000000005 -0.1 0.0
0.6000000000000005 -0.1 0.0
0.6000000000000005 -0.1 0.0
0.6000000000000005 -0.1 0.0
0.6000000000000005 -0.1 0.0
0.6000000000000005 -0.1 0.0
0.6000000000000005 -0.1 0.0
0.6000000000000005 -0.1 0.0
0.6000000000000005 -0.1 0.0
0.6000000000000005 -0.1 0.0
0.6000000000000005 -0.1 0.0
0.6000000000000005 -0.1 0.0
0.6000000000000005 -0.1 0.0
0.6000000000000005 -0.1 0.0
0.6000000000000005 -0.1 0.0
0.6000000000000005 -0.1 0.0
0.6000000000000005 -0.1 0.0
0.6000000000000005 -0.1 0.0
0.6000000000000005 -0.1 0.0
0.6000000000000005 -0.1 0.0
0.6000000000000005 -0.1 0.0
0.6000000000000005 -0.1 0.0
0.6000000000000005 -0.1 0.0
0.6000000000000005 -0.1 0.0
0.6000000000000005 -0.1 0.0
0.6000000000000005 -0.1 0.0
0.6000000000000005 -0.1 0.0
0.6000000000000005 -0.1 0.0
0.6000000000000005 -0.1 0.0
0.6000000000000005 -0.1 0.0
0.6000000000000005 -0.1 0.0
0.6000000000000005 -0.1 0.0
0.6000000000000005 -0.1 0.0
0.6000000000000005 -0.1 0.0
0.6000000000000005 -0.1 0.0
0.6000000000000005 -0.1 0.0
0.6000000000000005 -0.1 0.0
0.6000000000000005 -0.1 0.0
0.6001212827988344 -0.1 6.345356101624323e-05
0.6004804664723037 -0.1 0.0002465106205747605
0.6010705539358606 -0.1 0.0005384556434818824
0.6018845481049568 -0.1 0.000928892961266139
0.6029154518950443 -0.1 0.001407746772178259
0.6041562682215749 -0.1 0.00196526114119117
0.6056000000000006 -0.1 0.0025919999999999997
0.6072396501457731 -0.1 0.003278847147022074
0.6090682215743446 -0.1 0.004017006247396917
0.6110787172011667 -0.1 0.004798000832986255
0.6132641399416915 -0.1 0.00561367430237401
0.6156174927113708 -0.1 0.006456189920866304
0.6181317784256565 -0.1 0.007318030820491461
0.6208000000000006 -0.1 0.008192
0.6236151603498548 -0.1 0.00907122032486464
0.6265702623906712 -0.1 0.009949134527280298
0.6296583090379014 -0.1 0.010819505206164096
0.6328723032069976 -0.1 0.01167641482715535
0.6362052478134117 -0.1 0.012514265722615575
0.6396501457725953 -0.1 0.013327780091628487
0.6432000000000005 -0.1 0.014112
0.6468478134110793 -0.1 0.014862287380258223
0.6505865889212834 -0.1 0.015574324031653479
0.6544093294460647 -0.1 0.016244111620158264
0.6583090379008752 -0.1 0.016867971678467306
0.6622787172011668 -0.1 0.0174425456059975
0.6663113702623913 -0.1 0.01796479466888796
0.6704000000000006 -0.1 0.018431999999999997
0.6745376093294466 -0.1 0.01884176259891711
0.6787172011661814 -0.1 0.019192003331945026
0.6829317784256566 -0.1 0.01948096293211162
0.6871743440233242 -0.1 0.019707201999167007
0.6914379008746362 -0.1 0.0198696009995835
0.6957154518950444 -0.1 0.019967360266555594
0.7000000000000006 -0.1 0.01999999999999999
0.7042845481049569 -0.1 0.0199673602665556
0.708562099125365 -0.1 0.0198696009995835
0.712825655976677 -0.1 0.019707201999167007
0.7170682215743447 -0.1 0.0194809629321116
0.7212827988338198 -0.1 0.019192003331945026
0.7254623906705546 -0.1 0.018841762598917122
0.7296000000000007 -0.1 0.018432000000000004
0.73368862973761 -0.1 0.01796479466888795
0.7377212827988344 -0.1 0.017442545605997506
0.741690962099126 -0.1 0.01686797167846729
0.7455906705539366 -0.1 0.016244111620158264
0.7494134110787178 -0.1 0.015574324031653486
0.7531521865889219 -0.1 0.014862287380258216
0.7568000000000007 -0.1 0.014112000000000013
0.7603498542274059 -0.1 0.013327780091628494
0.7637947521865895 -0.1 0.012514265722615547
0.7671276967930035 -0.1 0.01167641482715534
0.7703416909620998 -0.1 0.01081950520616412
0.7734297376093301 -0.1 0.009949134527280301
0.7763848396501465 -0.1 0.009071220324864626
0.7792000000000007 -0.1 0.008192000000000005
0.7818682215743448 -0.1 0.007318030820491456
0.7843825072886303 -0.1 0.006456189920866273
0.7867358600583096 -0.1 0.005613674302374
0.7889212827988344 -0.1 0.004798000832986288
0.7909317784256567 -0.1 0.004017006247396898
0.792760349854228 -0.1 0.0032788471470220903
0.7944000000000007 -0.1 0.0025920000000000387
0.7958437317784264 -0.1 0.001965261141191166
0.7970845481049569 -0.1 0.0014077467721782533
0.7981154518950444 -0.1 0.0009288929612661367
0.7989294460641406 -0.1 0.0005384556434818721
0.7995195335276974 -0.1 0.00024651062057473583
0.7998787172011668 -0.1 6.345356101622457e-05
0.8000000000000007 -0.1 0.0
0.8000000000000007 -0.1 0.0
0.8000000000000007 -0.1 0.0
0.8000000000000007 -0.1 0.0
0.8000000000000007 -0.1 0.0
0.8000000000000007 -0.1 0.0
0.8000000000000007 -0.1 0.0
0.8000000000000007 -0.1 0.0
0.8000000000000007 -0.1 0.0
0.8000000000000007 -0.1 0.0
0.8000000000000007 -0.1 0.0
0.8000000000000007 -0.1 0.0
0.8000000000000007 -0.1 0.0
0.8000000000000007 -0.1 0.0
0.8000000000000007 -0.1 0.0
0.8000000000000007 -0.1 0.0
0.8000000000000007 -0.1 0.0
0.8000000000000007 -0.1 0.0
0.8000000000000007 -0.1 0.0
0.8000000000000007 -0.1 0.0
0.8000000000000007 -0.1 0.0
0.8000000000000007 -0.1 0.0
0.8000000000000007 -0.1 0.0
0.8000000000000007 -0.1 0.0
0.8000000000000007 -0.1 0.0
0.8000000000000007 -0.1 0.0
0.8000000000000007 -0.1 0.0
0.8000000000000007 -0.1 0.0
0.8000000000000007 -0.1 0.0
0.8000000000000007 -0.1 0.0
0.8000000000000007 -0.1 0.0
0.8000000000000007 -0.1 0.0
0.8000000000000007 -0.1 0.0
0.8000000000000007 -0.1 0.0
0.8000000000000007 -0.1 0.0
0.8000000000000007 -0.1 0.0
0.8000000000000007 -0.1 0.0
0.8000000000000007 -0.1 0.0
0.8000000000000007 -0.1 0.0
0.8000000000000007 -0.1 0.0
0.8000000000000007 -0.1 0.0
0.8000000000000007 -0.1 0.0
0.8000000000000007 -0.1 0.0
0.8000000000000007 -0.1 0.0
0.8000000000000007 -0.1 0.0
0.8000000000000007 -0.1 0.0
0.8000000000000007 -0.1 0.0
0.8000000000000007 -0.1 0.0
0.8000000000000007 -0.1 0.0
0.8000000000000007 -0.1 0.0
0.8000000000000007 -0.1 0.0
0.8000000000000007 -0.1 0.0
0.8000000000000007 -0.1 0.0
0.8000000000000007 -0.1 0.0
0.8000000000000007 -0.1 0.0
0.8000000000000007 -0.1 0.0
0.8000000000000007 -0.1 0.0
0.8000000000000007 -0.1 0.0
0.8000000000000007 -0.1 0.0
0.8000000000000007 -0.1 0.0
0.8000000000000007 -0.1 0.0
0.8000000000000007 -0.1 0.0
0.8000000000000007 -0.1 0.0
0.8000000000000007 -0.1 0.0
0.8000000000000007 -0.1 0.0
0.8000000000000007 -0.1 0.0
0.8000000000000007 -0.1 0.0
0.8000000000000007 -0.1 0.0
0.8000000000000007 -0.1 0.0
0.8000000000000007 -0.1 0.0
0.8000000000000007 -0.1 0.0
0.8000000000000007 -0.1 0.0
0.8000000000000007 -0.1 0.0
0.8000000000000007 -0.1 0.0
0.8000000000000007 -0.1 0.0
0.8000000000000007 -0.1 0.0
0.8000000000000007 -0.1 0.0
0.8000000000000007 -0.1 0.0
0.8000000000000007 -0.1 0.0
0.8000000000000007 -0.1 0.0
0.8000000000000007 -0.1 0.0
0.8000000000000007 -0.1 0.0
0.8000000000000007 -0.1 0.0
0.8000000000000007 -0.1 0.0
0.8000000000000007 -0.1 0.0
0.8000000000000007 -0.1 0.0
0.8000000000000007 -0.1 0.0
0.8000000000000007 -0.1 0.0
0.8000000000000007 -0.1 0.0
0.8000000000000007 -0.1 0.0
0.8000000000000007 -0.1 0.0
0.8000000000000007 -0.1 0.0
0.8000000000000007 -0.1 0.0
0.8000000000000007 -0.1 0.0
0.8000000000000007 -0.1 0.0
0.8000000000000007 -0.1 0.0
0.8000000000000007 -0.1 0.0
0.8000000000000007 -0.1 0.0
0.8000000000000007 -0.1 0.0
0.8000000000000007 -0.1 0.0
0.8000000000000007 -0.1 0.0
0.8000000000000007 -0.1 0.0
0.8000000000000007 -0.1 0.0
0.8000000000000007 -0.1 0.0
0.8000000000000007 -0.1 0.0
0.8000000000000007 -0.1 0.0
0.8000000000000007 -0.1 0.0
0.8000000000000007 -0.1 0.0
0.8000000000000007 -0.1 0.0
0.8000000000000007 -0.1 0.0
0.8000000000000007 -0.1 0.0
0.8000000000000007 -0.1 0.0
0.8000000000000007 -0.1 0.0
0.8000000000000007 -0.1 0.0
0.8000000000000007 -0.1 0.0
0.8000000000000007 -0.1 0.0
0.8000000000000007 -0.1 0.0
0.8000000000000007 -0.1 0.0
0.8000000000000007 -0.1 0.0
0.8000000000000007 -0.1 0.0
0.8000000000000007 -0.1 0.0
0.8000000000000007 -0.1 0.0
0.8000000000000007 -0.1 0.0
0.8000000000000007 -0.1 0.0
0.8000000000000007 -0.1 0.0
0.8000000000000007 -0.1 0.0
0.8000000000000007 -0.1 0.0
0.8000000000000007 -0.1 0.0
0.8000000000000007 -0.1 0.0
0.8000000000000007 -0.1 0.0
0.8000000000000007 -0.1 0.0
0.8001212827988345 -0.1 6.345356101624323e-05
0.8004804664723039 -0.1 0.0002465106205747605
0.8010705539358608 -0.1 0.0005384556434818824
0.801884548104957 -0.1 0.000928892961266139
0.8029154518950444 -0.1 0.001407746772178259
0.804156268221575 -0.1 0.00196526114119117
0.8056000000000008 -0.1 0.0025919999999999997
0.8072396501457733 -0.1 0.003278847147022074
0.8090682215743448 -0.1 0.004017006247396917
0.8110787172011669 -0.1 0.004798000832986255
0.8132641399416917 -0.1 0.00561367430237401
0.815617492711371 -0.1 0.006456189920866304
0.8181317784256567 -0.1 0.007318030820491461
0.8208000000000008 -0.1 0.008192
0.8236151603498549 -0.1 0.00907122032486464
0.8265702623906713 -0.1 0.009949134527280298
0.8296583090379016 -0.1 0.010819505206164096
0.8328723032069978 -0.1 0.01167641482715535
0.8362052478134119 -0.1 0.012514265722615575
0.8396501457725954 -0.1 0.013327780091628487
0.8432000000000007 -0.1 0.014112
0.8468478134110795 -0.1 0.014862287380258223
0.8505865889212836 -0.1 0.015574324031653479
0.8544093294460648 -0.1 0.016244111620158264
0.8583090379008754 -0.1 0.016867971678467306
0.862278717201167 -0.1 0.0174425456059975
0.8663113702623915 -0.1 0.01796479466888796
0.8704000000000007 -0.1 0.018431999999999997
0.8745376093294468 -0.1 0.01884176259891711
0.8787172011661816 -0.1 0.019192003331945026
0.8829317784256567 -0.1 0.01948096293211162
0.8871743440233244 -0.1 0.019707201999167007
0.8914379008746364 -0.1 0.0198696009995835
0.8957154518950445 -0.1 0.019967360266555594
0.9000000000000008 -0.1 0.01999999999999999
0.9042845481049571 -0.1 0.0199673602665556
0.9085620991253652 -0.1 0.0198696009995835
0.9128256559766772 -0.1 0.019707201999167007
0.9170682215743449 -0.1 0.0194809629321116
0.92128279883382 -0.1 0.019192003331945026
0.9254623906705548 -0.1 0.018841762598917122
0.9296000000000009 -0.1 0.018432000000000004
0.9336886297376101 -0.1 0.01796479466888795
0.9377212827988346 -0.1 0.017442545605997506
0.9416909620991262 -0.1 0.01686797167846729
0.9455906705539368 -0.1 0.016244111620158264
0.949413411078718 -0.1 0.015574324031653486
0.9531521865889221 -0.1 0.014862287380258216
0.9568000000000009 -0.1 0.014112000000000013
0.960349854227406 -0.1 0.013327780091628494
0.9637947521865897 -0.1 0.012514265722615547
0.9671276967930037 -0.1 0.01167641482715534
0.9703416909621 -0.1 0.01081950520616412
0.9734297376093303 -0.1 0.009949134527280301
0.9763848396501467 -0.1 0.009071220324864626
0.9792000000000008 -0.1 0.008192000000000005
0.981868221574345 -0.1 0.007318030820491456
0.9843825072886305 -0.1 0.006456189920866273
0.9867358600583098 -0.1 0.005613674302374
0.9889212827988346 -0.1 0.004798000832986288
0.9909317784256568 -0.1 0.004017006247396898
0.9927603498542282 -0.1 0.0032788471470220903
0.9944000000000008 -0.1 0.0025920000000000387
0.9958437317784266 -0.1 0.001965261141191166
0.9970845481049571 -0.1 0.0014077467721782533
0.9981154518950446 -0.1 0.0009288929612661367
0.9989294460641408 -0.1 0.0005384556434818721
0.9995195335276976 -0.1 0.00024651062057473583
0.9998787172011669 -0.1 6.345356101622457e-05
1.0000000000000009 -0.1 0.0
1.0000000000000009 -0.1 0.0
1.0000000000000009 -0.1 0.0
1.0000000000000009 -0.1 0.0
1.0000000000000009 -0.1 0.0
1.0000000000000009 -0.1 0.0
1.0000000000000009 -0.1 0.0
1.0000000000000009 -0.1 0.0
1.0000000000000009 -0.1 0.0
1.0000000000000009 -0.1 0.0
1.0000000000000009 -0.1 0.0
1.0000000000000009 -0.1 0.0
1.0000000000000009 -0.1 0.0
1.0000000000000009 -0.1 0.0
1.0000000000000009 -0.1 0.0
1.0000000000000009 -0.1 0.0
1.0000000000000009 -0.1 0.0
1.0000000000000009 -0.1 0.0
1.0000000000000009 -0.1 0.0
1.0000000000000009 -0.1 0.0
1.0000000000000009 -0.1 0.0
1.0000000000000009 -0.1 0.0
1.0000000000000009 -0.1 0.0
1.0000000000000009 -0.1 0.0
1.0000000000000009 -0.1 0.0
1.0000000000000009 -0.1 0.0
1.0000000000000009 -0.1 0.0
1.0000000000000009 -0.1 0.0
1.0000000000000009 -0.1 0.0
1.0000000000000009 -0.1 0.0
1.0000000000000009 -0.1 0.0
1.0000000000000009 -0.1 0.0
1.0000000000000009 -0.1 0.0
1.0000000000000009 -0.1 0.0
1.0000000000000009 -0.1 0.0
1.0000000000000009 -0.1 0.0
1.0000000000000009 -0.1 0.0
1.0000000000000009 -0.1 0.0
1.0000000000000009 -0.1 0.0
1.0000000000000009 -0.1 0.0
1.0000000000000009 -0.1 0.0
1.0000000000000009 -0.1 0.0
1.0000000000000009 -0.1 0.0
1.0000000000000009 -0.1 0.0
1.0000000000000009 -0.1 0.0
1.0000000000000009 -0.1 0.0
1.0000000000000009 -0.1 0.0
1.0000000000000009 -0.1 0.0
1.0000000000000009 -0.1 0.0
1.0000000000000009 -0.1 0.0
1.0000000000000009 -0.1 0.0
1.0000000000000009 -0.1 0.0
1.0000000000000009 -0.1 0.0
1.0000000000000009 -0.1 0.0
1.0000000000000009 -0.1 0.0
1.0000000000000009 -0.1 0.0
1.0000000000000009 -0.1 0.0
1.0000000000000009 -0.1 0.0
1.0000000000000009 -0.1 0.0
1.0000000000000009 -0.1 0.0
1.0000000000000009 -0.1 0.0
1.0000000000000009 -0.1 0.0
1.0000000000000009 -0.1 0.0
1.0000000000000009 -0.1 0.0
1.0000000000000009 -0.1 0.0
1.0000000000000009 -0.1 0.0
1.0000000000000009 -0.1 0.0
1.0000000000000009 -0.1 0.0
1.0000000000000009 -0.1 0.0
1.0000000000000009 -0.1 0.0
1.0000000000000009 -0.1 0.0
1.0000000000000009 -0.1 0.0
1.0000000000000009 -0.1 0.0
1.0000000000000009 -0.1 0.0
1.0000000000000009 -0.1 0.0
1.0000000000000009 -0.1 0.0
1.0000000000000009 -0.1 0.0
1.0000000000000009 -0.1 0.0
1.0000000000000009 -0.1 0.0
1.0000000000000009 -0.1 0.0
1.0000000000000009 -0.1 0.0
1.0000000000000009 -0.1 0.0
1.0000000000000009 -0.1 0.0
1.0000000000000009 -0.1 0.0
1.0000000000000009 -0.1 0.0
1.0000000000000009 -0.1 0.0
1.0000000000000009 -0.1 0.0
1.0000000000000009 -0.1 0.0
1.0000000000000009 -0.1 0.0
1.0000000000000009 -0.1 0.0
1.0000000000000009 -0.1 0.0
1.0000000000000009 -0.1 0.0
1.0000000000000009 -0.1 0.0
1.0000000000000009 -0.1 0.0
1.0000000000000009 -0.1 0.0
1.0000000000000009 -0.1 0.0
1.0000000000000009 -0.1 0.0
1.0000000000000009 -0.1 0.0
1.0000000000000009 -0.1 0.0
1.0000000000000009 -0.1 0.0
1.0000000000000009 -0.1 0.0
1.0000000000000009 -0.1 0.0
1.0000000000000009 -0.1 0.0
1.0000000000000009 -0.1 0.0
1.0000000000000009 -0.1 0.0
1.0000000000000009 -0.1 0.0
1.0000000000000009 -0.1 0.0
1.0000000000000009 -0.1 0.0
1.0000000000000009 -0.1 0.0
1.0000000000000009 -0.1 0.0
1.0000000000000009 -0.1 0.0
1.0000000000000009 -0.1 0.0
1.0000000000000009 -0.1 0.0
1.0000000000000009 -0.1 0.0
1.0000000000000009 -0.1 0.0
1.0000000000000009 -0.1 0.0
1.0000000000000009 -0.1 0.0
1.0000000000000009 -0.1 0.0
1.0000000000000009 -0.1 0.0
1.0000000000000009 -0.1 0.0
1.0000000000000009 -0.1 0.0
1.0000000000000009 -0.1 0.0
1.0000000000000009 -0.1 0.0
1.0000000000000009 -0.1 0.0
1.0000000000000009 -0.1 0.0
1.0000000000000009 -0.1 0.0
1.0000000000000009 -0.1 0.0
1.0000000000000009 -0.1 0.0
1.0000000000000009 -0.1 0.0
1.0000000000000009 -0.1 0.0
1.0000000000000009 -0.1 0.0
1.0001212827988346 -0.1 6.345356101624323e-05
1.0004804664723042 -0.1 0.0002465106205747605
1.0010705539358609 -0.1 0.0005384556434818824
1.001884548104957 -0.1 0.000928892961266139
1.0029154518950443 -0.1 0.001407746772178259
1.0041562682215748 -0.1 0.00196526114119117
1.0056000000000003 -0.1 0.0025919999999999997
1.0072396501457728 -0.1 0.003278847147022074
1.0090682215743438 -0.1 0.004017006247396917
1.011078717201166 -0.1 0.004798000832986255
1.0132641399416904 -0.1 0.00561367430237401
1.0156174927113695 -0.1 0.006456189920866304
1.018131778425655 -0.1 0.007318030820491461
1.0207999999999986 -0.1 0.008192
1.0236151603498524 -0.1 0.00907122032486464
1.0265702623906685 -0.1 0.009949134527280298
1.0296583090378986 -0.1 0.010819505206164096
1.0328723032069944 -0.1 0.01167641482715535
1.036205247813408 -0.1 0.012514265722615575
1.0396501457725913 -0.1 0.013327780091628487
1.0431999999999961 -0.1 0.014112
1.0468478134110744 -0.1 0.014862287380258223
1.0505865889212782 -0.1 0.015574324031653479
1.054409329446059 -0.1 0.016244111620158264
1.058309037900869 -0.1 0.016867971678467306
1.0622787172011603 -0.1 0.0174425456059975
1.0663113702623843 -0.1 0.01796479466888796
1.0703999999999931 -0.1 0.018431999999999997
1.0745376093294388 -0.1 0.01884176259891711
1.078717201166173 -0.1 0.019192003331945026
1.0829317784256478 -0.1 0.01948096293211162
1.0871743440233148 -0.1 0.019707201999167007
1.0914379008746264 -0.1 0.0198696009995835
1.095715451895034 -0.1 0.019967360266555594
1.0999999999999899 -0.1 0.01999999999999999
1.1042845481049457 -0.1 0.0199673602665556
1.1085620991253533 -0.1 0.0198696009995835
1.112825655976665 -0.1 0.019707201999167007
1.117068221574332 -0.1 0.0194809629321116
1.1212827988338068 -0.1 0.019192003331945026
1.125462390670541 -0.1 0.018841762598917122
1.1295999999999866 -0.1 0.018432000000000004
1.1336886297375954 -0.1 0.01796479466888795
1.1377212827988195 -0.1 0.017442545605997506
1.1416909620991107 -0.1 0.01686797167846729
1.1455906705539207 -0.1 0.016244111620158264
1.1494134110787015 -0.1 0.015574324031653486
1.1531521865889054 -0.1 0.014862287380258216
1.1567999999999836 -0.1 0.014112000000000013
1.1603498542273885 -0.1 0.013327780091628494
1.1637947521865717 -0.1 0.012514265722615547
1.1671276967929853 -0.1 0.01167641482715534
1.1703416909620812 -0.1 0.01081950520616412
1.1734297376093112 -0.1 0.009949134527280301
1.1763848396501273 -0.1 0.009071220324864626
1.1791999999999812 -0.1 0.008192000000000005
1.1818682215743248 -0.1 0.007318030820491456
1.1843825072886103 -0.1 0.006456189920866273
1.1867358600582893 -0.1 0.005613674302374
1.1889212827988138 -0.1 0.004798000832986288
1.1909317784256357 -0.1 0.004017006247396898
1.192760349854207 -0.1 0.0032788471470220903
1.1943999999999795 -0.1 0.0025920000000000387
1.195843731778405 -0.1 0.001965261141191166
1.1970845481049355 -0.1 0.0014077467721782533
1.1981154518950228 -0.1 0.0009288929612661367
1.1989294460641189 -0.1 0.0005384556434818721
1.1995195335276756 -0.1 0.00024651062057473583
1.199878717201145 -0.1 6.345356101622457e-05
1.1999999999999789 -0.1 0.0
1.1999999999999789 -0.1 0.0
1.1999999999999789 -0.1 0.0
1.1999999999999789 -0.1 0.0
1.1999999999999789 -0.1 0.0
1.1999999999999789 -0.1 0.0
1.1999999999999789 -0.1 0.0
1.1999999999999789 -0.1 0.0
1.1999999999999789 -0.1 0.0
1.1999999999999789 -0.1 0.0
1.1999999999999789 -0.1 0.0
1.1999999999999789 -0.1 0.0
1.1999999999999789 -0.1 0.0
1.1999999999999789 -0.1 0.0
1.1999999999999789 -0.1 0.0
1.1999999999999789 -0.1 0.0
1.1999999999999789 -0.1 0.0
1.1999999999999789 -0.1 0.0
1.1999999999999789 -0.1 0.0
1.1999999999999789 -0.1 0.0
1.1999999999999789 -0.1 0.0
1.1999999999999789 -0.1 0.0
1.1999999999999789 -0.1 0.0
1.1999999999999789 -0.1 0.0
1.1999999999999789 -0.1 0.0
1.1999999999999789 -0.1 0.0
1.1999999999999789 -0.1 0.0
1.1999999999999789 -0.1 0.0
1.1999999999999789 -0.1 0.0
1.1999999999999789 -0.1 0.0
1.1999999999999789 -0.1 0.0
1.1999999999999789 -0.1 0.0
1.1999999999999789 -0.1 0.0
1.1999999999999789 -0.1 0.0
1.1999999999999789 -0.1 0.0
1.1999999999999789 -0.1 0.0
1.1999999999999789 -0.1 0.0
1.1999999999999789 -0.1 0.0
1.1999999999999789 -0.1 0.0
1.1999999999999789 -0.1 0.0
1.1999999999999789 -0.1 0.0
1.1999999999999789 -0.1 0.0
1.1999999999999789 -0.1 0.0
1.1999999999999789 -0.1 0.0
1.1999999999999789 -0.1 0.0
1.1999999999999789 -0.1 0.0
1.1999999999999789 -0.1 0.0
1.1999999999999789 -0.1 0.0
1.1999999999999789 -0.1 0.0
1.1999999999999789 -0.1 0.0
1.1999999999999789 -0.1 0.0
1.1999999999999789 -0.1 0.0
1.1999999999999789 -0.1 0.0
1.1999999999999789 -0.1 0.0
1.1999999999999789 -0.1 0.0
1.1999999999999789 -0.1 0.0
1.1999999999999789 -0.1 0.0
1.1999999999999789 -0.1 0.0
1.1999999999999789 -0.1 0.0
1.1999999999999789 -0.1 0.0
1.1999999999999789 -0.1 0.0
1.1999999999999789 -0.1 0.0
1.1999999999999789 -0.1 0.0
1.1999999999999789 -0.1 0.0
1.1999999999999789 -0.1 0.0
1.1999999999999789 -0.1 0.0
1.1999999999999789 -0.1 0.0
1.1999999999999789 -0.1 0.0
1.1999999999999789 -0.1 0.0
1.1999999999999789 -0.1 0.0
1.1999999999999789 -0.1 0.0
1.1999999999999789 -0.1 0.0
1.1999999999999789 -0.1 0.0
1.1999999999999789 -0.1 0.0
1.1999999999999789 -0.1 0.0
1.1999999999999789 -0.1 0.0
1.1999999999999789 -0.1 0.0
1.1999999999999789 -0.1 0.0
1.1999999999999789 -0.1 0.0
1.1999999999999789 -0.1 0.0
1.1999999999999789 -0.1 0.0
1.1999999999999789 -0.1 0.0
1.1999999999999789 -0.1 0.0
1.1999999999999789 -0.1 0.0
1.1999999999999789 -0.1 0.0
1.1999999999999789 -0.1 0.0
1.1999999999999789 -0.1 0.0
1.1999999999999789 -0.1 0.0
1.1999999999999789 -0.1 0.0
1.1999999999999789 -0.1 0.0
1.1999999999999789 -0.1 0.0
1.1999999999999789 -0.1 0.0
1.1999999999999789 -0.1 0.0
1.1999999999999789 -0.1 0.0
1.1999999999999789 -0.1 0.0
1.1999999999999789 -0.1 0.0
1.1999999999999789 -0.1 0.0
1.1999999999999789 -0.1 0.0
1.1999999999999789 -0.1 0.0
1.1999999999999789 -0.1 0.0
1.1999999999999789 -0.1 0.0
1.1999999999999789 -0.1 0.0
1.1999999999999789 -0.1 0.0
1.1999999999999789 -0.1 0.0
1.1999999999999789 -0.1 0.0
1.1999999999999789 -0.1 0.0
1.1999999999999789 -0.1 0.0
1.1999999999999789 -0.1 0.0
1.1999999999999789 -0.1 0.0
1.1999999999999789 -0.1 0.0
1.1999999999999789 -0.1 0.0
1.1999999999999789 -0.1 0.0
1.1999999999999789 -0.1 0.0
1.1999999999999789 -0.1 0.0
1.1999999999999789 -0.1 0.0
1.1999999999999789 -0.1 0.0
1.1999999999999789 -0.1 0.0
1.1999999999999789 -0.1 0.0
1.1999999999999789 -0.1 0.0
1.1999999999999789 -0.1 0.0
1.1999999999999789 -0.1 0.0
1.1999999999999789 -0.1 0.0
1.1999999999999789 -0.1 0.0
1.1999999999999789 -0.1 0.0
1.1999999999999789 -0.1 0.0
1.1999999999999789 -0.1 0.0
1.1999999999999789 -0.1 0.0
1.1999999999999789 -0.1 0.0
1.1999999999999789 -0.1 0.0
1.1999999999999789 -0.1 0.0
1.1999999999999789 -0.1 0.0
1.2001212827988126 -0.1 6.345356101624323e-05
1.2004804664722821 -0.1 0.0002465106205747605
1.2010705539358388 -0.1 0.0005384556434818824
1.201884548104935 -0.1 0.000928892961266139
1.2029154518950222 -0.1 0.001407746772178259
1.2041562682215528 -0.1 0.00196526114119117
1.2055999999999782 -0.1 0.0025919999999999997
1.2072396501457507 -0.1 0.003278847147022074
1.2090682215743218 -0.1 0.004017006247396917
1.211078717201144 -0.1 0.004798000832986255
1.2132641399416684 -0.1 0.00561367430237401
1.2156174927113474 -0.1 0.006456189920866304
1.218131778425633 -0.1 0.007318030820491461
1.2207999999999766 -0.1 0.008192
1.2236151603498304 -0.1 0.00907122032486464
1.2265702623906465 -0.1 0.009949134527280298
1.2296583090378765 -0.1 0.010819505206164096
1.2328723032069724 -0.1 0.01167641482715535
1.236205247813386 -0.1 0.012514265722615575
1.2396501457725693 -0.1 0.013327780091628487
1.243199999999974 -0.1 0.014112
1.2468478134110523 -0.1 0.014862287380258223
1.2505865889212562 -0.1 0.015574324031653479
1.254409329446037 -0.1 0.016244111620158264
1.258309037900847 -0.1 0.016867971678467306
1.2622787172011383 -0.1 0.0174425456059975
1.2663113702623623 -0.1 0.01796479466888796
1.270399999999971 -0.1 0.018431999999999997
1.2745376093294167 -0.1 0.01884176259891711
1.278717201166151 -0.1 0.019192003331945026
1.2829317784256258 -0.1 0.01948096293211162
1.2871743440232928 -0.1 0.019707201999167007
1.2914379008746044 -0.1 0.0198696009995835
1.295715451895012 -0.1 0.019967360266555594
1.2999999999999678 -0.1 0.01999999999999999
1.3042845481049237 -0.1 0.0199673602665556
1.3085620991253313 -0.1 0.0198696009995835
1.312825655976643 -0.1 0.019707201999167007
1.31706822157431 -0.1 0.0194809629321116
1.3212827988337847 -0.1 0.019192003331945026
1.325462390670519 -0.1 0.018841762598917122
1.3295999999999646 -0.1 0.018432000000000004
1.3336886297375734 -0.1 0.01796479466888795
1.3377212827987974 -0.1 0.017442545605997506
1.3416909620990887 -0.1 0.01686797167846729
1.3455906705538987 -0.1 0.016244111620158264
1.3494134110786795 -0.1 0.015574324031653486
1.3531521865888834 -0.1 0.014862287380258216
1.3567999999999616 -0.1 0.014112000000000013
1.3603498542273664 -0.1 0.013327780091628494
1.3637947521865497 -0.1 0.012514265722615547
1.3671276967929633 -0.1 0.01167641482715534
1.3703416909620592 -0.1 0.01081950520616412
1.3734297376092892 -0.1 0.009949134527280301
1.3763848396501053 -0.1 0.009071220324864626
1.3791999999999591 -0.1 0.008192000000000005
1.3818682215743028 -0.1 0.007318030820491456
1.3843825072885882 -0.1 0.006456189920866273
1.3867358600582673 -0.1 0.005613674302374
1.3889212827987918 -0.1 0.004798000832986288
1.3909317784256137 -0.1 0.004017006247396898
1.392760349854185 -0.1 0.0032788471470220903
1.3943999999999575 -0.1 0.0025920000000000387
1.395843731778383 -0.1 0.001965261141191166
1.3970845481049134 -0.1 0.0014077467721782533
1.3981154518950007 -0.1 0.0009288929612661367
1.3989294460640969 -0.1 0.0005384556434818721
1.3995195335276536 -0.1 0.00024651062057473583
1.399878717201123 -0.1 6.345356101622457e-05
1.3999999999999568 -0.1 0.0
1.3999999999999568 -0.1 0.0
1.3999999999999568 -0.1 0.0
1.3999999999999568 -0.1 0.0
1.3999999999999568 -0.1 0.0
1.3999999999999568 -0.1 0.0
1.3999999999999568 -0.1 0.0
1.3999999999999568 -0.1 0.0
1.3999999999999568 -0.1 0.0
1.3999999999999568 -0.1 0.0
1.3999999999999568 -0.1 0.0
1.3999999999999568 -0.1 0.0
1.3999999999999568 -0.1 0.0
1.3999999999999568 -0.1 0.0
1.3999999999999568 -0.1 0.0
1.3999999999999568 -0.1 0.0
1.3999999999999568 -0.1 0.0
1.3999999999999568 -0.1 0.0
1.3999999999999568 -0.1 0.0
1.3999999999999568 -0.1 0.0
1.3999999999999568 -0.1 0.0
1.3999999999999568 -0.1 0.0
1.3999999999999568 -0.1 0.0
1.3999999999999568 -0.1 0.0
1.3999999999999568 -0.1 0.0
1.3999999999999568 -0.1 0.0
1.3999999999999568 -0.1 0.0
1.3999999999999568 -0.1 0.0
1.3999999999999568 -0.1 0.0
1.3999999999999568 -0.1 0.0
1.3999999999999568 -0.1 0.0
1.3999999999999568 -0.1 0.0
1.3999999999999568 -0.1 0.0
1.3999999999999568 -0.1 0.0
1.3999999999999568 -0.1 0.0
1.3999999999999568 -0.1 0.0
1.3999999999999568 -0.1 0.0
1.3999999999999568 -0.1 0.0
1.3999999999999568 -0.1 0.0
1.3999999999999568 -0.1 0.0
1.3999999999999568 -0.1 0.0
1.3999999999999568 -0.1 0.0
1.3999999999999568 -0.1 0.0
1.3999999999999568 -0.1 0.0
1.3999999999999568 -0.1 0.0
1.3999999999999568 -0.1 0.0
1.3999999999999568 -0.1 0.0
1.3999999999999568 -0.1 0.0
1.3999999999999568 -0.1 0.0
1.3999999999999568 -0.1 0.0
1.3999999999999568 -0.1 0.0
1.3999999999999568 -0.1 0.0
1.3999999999999568 -0.1 0.0
1.3999999999999568 -0.1 0.0
1.3999999999999568 -0.1 0.0
1.3999999999999568 -0.1 0.0
1.3999999999999568 -0.1 0.0
1.3999999999999568 -0.1 0.0
1.3999999999999568 -0.1 0.0
1.3999999999999568 -0.1 0.0
1.3999999999999568 -0.1 0.0
1.3999999999999568 -0.1 0.0
1.3999999999999568 -0.1 0.0
1.3999999999999568 -0.1 0.0
1.3999999999999568 -0.1 0.0
1.3999999999999568 -0.1 0.0
1.3999999999999568 -0.1 0.0
1.3999999999999568 -0.1 0.0
1.3999999999999568 -0.1 0.0
1.3999999999999568 -0.1 0.0
1.3999999999999568 -0.1 0.0
1.3999999999999568 -0.1 0.0
1.3999999999999568 -0.1 0.0
1.3999999999999568 -0.1 0.0
1.3999999999999568 -0.1 0.0
1.3999999999999568 -0.1 0.0
1.3999999999999568 -0.1 0.0
1.3999999999999568 -0.1 0.0
1.3999999999999568 -0.1 0.0
1.3999999999999568 -0.1 0.0
1.3999999999999568 -0.1 0.0
1.3999999999999568 -0.1 0.0
1.3999999999999568 -0.1 0.0
1.3999999999999568 -0.1 0.0
1.3999999999999568 -0.1 0.0
1.3999999999999568 -0.1 0.0
1.3999999999999568 -0.1 0.0
1.3999999999999568 -0.1 0.0
1.3999999999999568 -0.1 0.0
1.3999999999999568 -0.1 0.0
1.3999999999999568 -0.1 0.0
1.3999999999999568 -0.1 0.0
1.3999999999999568 -0.1 0.0
1.3999999999999568 -0.1 0.0
1.3999999999999568 -0.1 0.0
1.3999999999999568 -0.1 0.0
1.3999999999999568 -0.1 0.0
1.3999999999999568 -0.1 0.0
1.3999999999999568 -0.1 0.0
1.3999999999999568 -0.1 0.0
1.3999999999999568 -0.1 0.0
1.3999999999999568 -0.1 0.0
1.3999999999999568 -0.1 0.0
1.3999999999999568 -0.1 0.0
1.3999999999999568 -0.1 0.0
1.3999999999999568 -0.1 0.0
1.3999999999999568 -0.1 0.0
1.3999999999999568 -0.1 0.0
1.3999999999999568 -0.1 0.0
1.3999999999999568 -0.1 0.0
1.3999999999999568 -0.1 0.0
1.3999999999999568 -0.1 0.0
1.3999999999999568 -0.1 0.0
1.3999999999999568 -0.1 0.0
1.3999999999999568 -0.1 0.0
1.3999999999999568 -0.1 0.0
1.3999999999999568 -0.1 0.0
1.3999999999999568 -0.1 0.0
1.3999999999999568 -0.1 0.0
1.3999999999999568 -0.1 0.0
1.3999999999999568 -0.1 0.0
1.3999999999999568 -0.1 0.0
1.3999999999999568 -0.1 0.0
1.3999999999999568 -0.1 0.0
1.3999999999999568 -0.1 0.0
1.3999999999999568 -0.1 0.0
1.3999999999999568 -0.1 0.0
1.3999999999999568 -0.1 0.0
1.3999999999999568 -0.1 0.0
1.3999999999999568 -0.1 0.0
1.3999999999999568 -0.1 0.0
1.4001212827987906 -0.1 6.345356101624323e-05
1.40048046647226 -0.1 0.0002465106205747605
1.4010705539358168 -0.1 0.0005384556434818824
1.401884548104913 -0.1 0.000928892961266139
1.4029154518950002 -0.1 0.001407746772178259
1.4041562682215307 -0.1 0.00196526114119117
1.4055999999999562 -0.1 0.0025919999999999997
1.4072396501457287 -0.1 0.003278847147022074
1.4090682215742998 -0.1 0.004017006247396917
1.4110787172011219 -0.1 0.004798000832986255
1.4132641399416463 -0.1 0.00561367430237401
1.4156174927113254 -0.1 0.006456189920866304
1.418131778425611 -0.1 0.007318030820491461
1.4207999999999545 -0.1 0.008192
1.4236151603498084 -0.1 0.00907122032486464
1.4265702623906245 -0.1 0.009949134527280298
1.4296583090378545 -0.1 0.010819505206164096
1.4328723032069504 -0.1 0.01167641482715535
1.436205247813364 -0.1 0.012514265722615575
1.4396501457725472 -0.1 0.013327780091628487
1.443199999999952 -0.1 0.014112
1.4468478134110303 -0.1 0.014862287380258223
1.4505865889212342 -0.1 0.015574324031653479
1.454409329446015 -0.1 0.016244111620158264
1.458309037900825 -0.1 0.016867971678467306
1.4622787172011162 -0.1 0.0174425456059975
1.4663113702623403 -0.1 0.01796479466888796
1.470399999999949 -0.1 0.018431999999999997
1.4745376093293947 -0.1 0.01884176259891711
1.478717201166129 -0.1 0.019192003331945026
1.4829317784256038 -0.1 0.01948096293211162
1.4871743440232708 -0.1 0.019707201999167007
1.4914379008745824 -0.1 0.0198696009995835
1.49571545189499 -0.1 0.019967360266555594
1.4999999999999458 -0.1 0.01999999999999999
1.5042845481049016 -0.1 0.0199673602665556
1.5085620991253093 -0.1 0.0198696009995835
1.5128256559766209 -0.1 0.019707201999167007
1.517068221574288 -0.1 0.0194809629321116
1.5212827988337627 -0.1 0.019192003331945026
1.525462390670497 -0.1 0.018841762598917122
1.5295999999999426 -0.1 0.018432000000000004
1.5336886297375514 -0.1 0.01796479466888795
1.5377212827987754 -0.1 0.017442545605997506
1.5416909620990666 -0.1 0.01686797167846729
1.5455906705538767 -0.1 0.016244111620158264
1.5494134110786575 -0.1 0.015574324031653486
1.5531521865888613 -0.1 0.014862287380258216
1.5567999999999396 -0.1 0.014112000000000013
1.5603498542273444 -0.1 0.013327780091628494
1.5637947521865276 -0.1 0.012514265722615547
1.5671276967929413 -0.1 0.01167641482715534
1.5703416909620371 -0.1 0.01081950520616412
1.5734297376092672 -0.1 0.009949134527280301
1.5763848396500832 -0.1 0.009071220324864626
1.579199999999937 -0.1 0.008192000000000005
1.5818682215742808 -0.1 0.007318030820491456
1.5843825072885662 -0.1 0.006456189920866273
1.5867358600582453 -0.1 0.005613674302374
1.5889212827987698 -0.1 0.004798000832986288
1.5909317784255916 -0.1 0.004017006247396898
1.592760349854163 -0.1 0.0032788471470220903
1.5943999999999354 -0.1 0.0025920000000000387
1.595843731778361 -0.1 0.001965261141191166
1.5970845481048914 -0.1 0.0014077467721782533
1.5981154518949787 -0.1 0.0009288929612661367
1.5989294460640748 -0.1 0.0005384556434818721
1.5995195335276315 -0.1 0.00024651062057473583
1.5998787172011009 -0.1 6.345356101622457e-05
1.5999999999999348 -0.1 0.0
1.5999999999999348 -0.1 0.0
1.5999999999999348 -0.1 0.0
1.5999999999999348 -0.1 0.0
1.5999999999999348 -0.1 0.0
1.5999999999999348 -0.1 0.0
1.5999999999999348 -0.1 0.0
1.5999999999999348 -0.1 0.0
1.5999999999999348 -0.1 0.0
1.5999999999999348 -0.1 0.0
1.5999999999999348 -0.1 0.0
1.5999999999999348 -0.1 0.0
1.5999999999999348 -0.1 0.0
1.5999999999999348 -0.1 0.0
1.5999999999999348 -0.1 0.0
1.5999999999999348 -0.1 0.0
1.5999999999999348 -0.1 0.0
1.5999999999999348 -0.1 0.0
1.5999999999999348 -0.1 0.0
1.5999999999999348 -0.1 0.0
1.5999999999999348 -0.1 0.0
1.5999999999999348 -0.1 0.0
1.5999999999999348 -0.1 0.0
1.5999999999999348 -0.1 0.0
1.5999999999999348 -0.1 0.0
1.5999999999999348 -0.1 0.0
1.5999999999999348 -0.1 0.0
1.5999999999999348 -0.1 0.0
1.5999999999999348 -0.1 0.0
1.5999999999999348 -0.1 0.0
1.5999999999999348 -0.1 0.0
1.5999999999999348 -0.1 0.0
1.5999999999999348 -0.1 0.0
1.5999999999999348 -0.1 0.0
1.5999999999999348 -0.1 0.0
1.5999999999999348 -0.1 0.0
1.5999999999999348 -0.1 0.0
1.5999999999999348 -0.1 0.0
1.5999999999999348 -0.1 0.0
1.5999999999999348 -0.1 0.0
1.5999999999999348 -0.1 0.0
1.5999999999999348 -0.1 0.0
1.5999999999999348 -0.1 0.0
1.5999999999999348 -0.1 0.0
1.5999999999999348 -0.1 0.0
1.5999999999999348 -0.1 0.0
1.5999999999999348 -0.1 0.0
1.5999999999999348 -0.1 0.0
1.5999999999999348 -0.1 0.0
1.5999999999999348 -0.1 0.0
1.5999999999999348 -0.1 0.0
1.5999999999999348 -0.1 0.0
1.5999999999999348 -0.1 0.0
1.5999999999999348 -0.1 0.0
1.5999999999999348 -0.1 0.0
1.5999999999999348 -0.1 0.0
1.5999999999999348 -0.1 0.0
1.5999999999999348 -0.1 0.0
1.5999999999999348 -0.1 0.0
1.5999999999999348 -0.1 0.0
1.5999999999999348 -0.1 0.0
1.5999999999999348 -0.1 0.0
1.5999999999999348 -0.1 0.0
1.5999999999999348 -0.1 0.0
1.5999999999999348 -0.1 0.0
1.5999999999999348 -0.1 0.0
1.5999999999999348 -0.1 0.0
1.5999999999999348 -0.1 0.0
1.5999999999999348 -0.1 0.0
1.5999999999999348 -0.1 0.0
1.5999999999999348 -0.1 0.0
1.5999999999999348 -0.1 0.0
1.5999999999999348 -0.1 0.0
1.5999999999999348 -0.1 0.0
1.5999999999999348 -0.1 0.0
1.5999999999999348 -0.1 0.0
1.5999999999999348 -0.1 0.0
1.5999999999999348 -0.1 0.0
1.5999999999999348 -0.1 0.0
1.5999999999999348 -0.1 0.0
1.5999999999999348 -0.1 0.0
1.5999999999999348 -0.1 0.0
1.5999999999999348 -0.1 0.0
1.5999999999999348 -0.1 0.0
1.5999999999999348 -0.1 0.0
1.5999999999999348 -0.1 0.0
1.5999999999999348 -0.1 0.0
1.5999999999999348 -0.1 0.0
1.5999999999999348 -0.1 0.0
1.5999999999999348 -0.1 0.0
1.5999999999999348 -0.1 0.0
1.5999999999999348 -0.1 0.0
1.5999999999999348 -0.1 0.0
1.5999999999999348 -0.1 0.0
1.5999999999999348 -0.1 0.0
1.5999999999999348 -0.1 0.0
1.5999999999999348 -0.1 0.0
1.5999999999999348 -0.1 0.0
1.5999999999999348 -0.1 0.0
1.5999999999999348 -0.1 0.0
1.5999999999999348 -0.1 0.0
1.5999999999999348 -0.1 0.0
1.5999999999999348 -0.1 0.0
1.5999999999999348 -0.1 0.0
1.5999999999999348 -0.1 0.0
1.5999999999999348 -0.1 0.0
1.5999999999999348 -0.1 0.0
1.5999999999999348 -0.1 0.0
1.5999999999999348 -0.1 0.0
1.5999999999999348 -0.1 0.0
1.5999999999999348 -0.1 0.0
1.5999999999999348 -0.1 0.0
1.5999999999999348 -0.1 0.0
1.5999999999999348 -0.1 0.0
1.5999999999999348 -0.1 0.0
1.5999999999999348 -0.1 0.0
1.5999999999999348 -0.1 0.0
1.5999999999999348 -0.1 0.0
1.5999999999999348 -0.1 0.0
1.5999999999999348 -0.1 0.0
1.5999999999999348 -0.1 0.0
1.5999999999999348 -0.1 0.0
1.5999999999999348 -0.1 0.0
1.5999999999999348 -0.1 0.0
1.5999999999999348 -0.1 0.0
1.5999999999999348 -0.1 0.0
1.5999999999999348 -0.1 0.0
1.5999999999999348 -0.1 0.0
1.5999999999999348 -0.1 0.0
1.5999999999999348 -0.1 0.0
1.5999999999999348 -0.1 0.0
1.6001212827987685 -0.1 6.345356101624323e-05
1.600480466472238 -0.1 0.0002465106205747605
1.6010705539357948 -0.1 0.0005384556434818824
1.601884548104891 -0.1 0.000928892961266139
1.6029154518949782 -0.1 0.001407746772178259
1.6041562682215087 -0.1 0.00196526114119117
1.6055999999999342 -0.1 0.0025919999999999997
1.6072396501457067 -0.1 0.003278847147022074
1.6090682215742778 -0.1 0.004017006247396917
1.6110787172010999 -0.1 0.004798000832986255
1.6132641399416243 -0.1 0.00561367430237401
1.6156174927113034 -0.1 0.006456189920866304
1.6181317784255889 -0.1 0.007318030820491461
1.6207999999999325 -0.1 0.008192
1.6236151603497864 -0.1 0.00907122032486464
1.6265702623906024 -0.1 0.009949134527280298
1.6296583090378325 -0.1 0.010819505206164096
1.6328723032069283 -0.1 0.01167641482715535
1.636205247813342 -0.1 0.012514265722615575
1.6396501457725252 -0.1 0.013327780091628487
1.64319999999993 -0.1 0.014112
1.6468478134110083 -0.1 0.014862287380258223
1.6505865889212121 -0.1 0.015574324031653479
1.654409329445993 -0.1 0.016244111620158264
1.658309037900803 -0.1 0.016867971678467306
1.6622787172010942 -0.1 0.0174425456059975
1.6663113702623182 -0.1 0.01796479466888796
1.670399999999927 -0.1 0.018431999999999997
1.6745376093293727 -0.1 0.01884176259891711
1.678717201166107 -0.1 0.019192003331945026
1.6829317784255817 -0.1 0.01948096293211162
1.6871743440232487 -0.1 0.019707201999167007
1.6914379008745604 -0.1 0.0198696009995835
1.695715451894968 -0.1 0.019967360266555594
1.6999999999999238 -0.1 0.01999999999999999
1.7042845481048796 -0.1 0.0199673602665556
1.7085620991252872 -0.1 0.0198696009995835
1.7128256559765989 -0.1 0.019707201999167007
1.7170682215742659 -0.1 0.0194809629321116
1.7212827988337407 -0.1 0.019192003331945026
1.725462390670475 -0.1 0.018841762598917122
1.7295999999999205 -0.1 0.018432000000000004
1.7336886297375294 -0.1 0.01796479466888795
1.7377212827987534 -0.1 0.017442545605997506
1.7416909620990446 -0.1 0.01686797167846729
1.7455906705538546 -0.1 0.016244111620158264
1.7494134110786355 -0.1 0.015574324031653486
1.7531521865888393 -0.1 0.014862287380258216
1.7567999999999175 -0.1 0.014112000000000013
1.7603498542273224 -0.1 0.013327780091628494
1.7637947521865056 -0.1 0.012514265722615547
1.7671276967929193 -0.1 0.01167641482715534
1.770341690962015 -0.1 0.01081950520616412
1.7734297376092452 -0.1 0.009949134527280301
1.7763848396500612 -0.1 0.009071220324864626
1.779199999999915 -0.1 0.008192000000000005
1.7818682215742587 -0.1 0.007318030820491456
1.7843825072885442 -0.1 0.006456189920866273
1.7867358600582233 -0.1 0.005613674302374
1.7889212827987477 -0.1 0.004798000832986288
1.7909317784255696 -0.1 0.004017006247396898
1.792760349854141 -0.1 0.0032788471470220903
1.7943999999999134 -0.1 0.0025920000000000387
1.795843731778339 -0.1 0.001965261141191166
1.7970845481048694 -0.1 0.0014077467721782533
1.7981154518949567 -0.1 0.0009288929612661367
1.7989294460640528 -0.1 0.0005384556434818721
1.7995195335276095 -0.1 0.00024651062057473583
1.7998787172010788 -0.1 6.345356101622457e-05
1.7999999999999128 -0.1 0.0
1.7999999999999128 -0.1 0.0
1.7999999999999128 -0.1 0.0
1.7999999999999128 -0.1 0.0
1.7999999999999128 -0.1 0.0
1.7999999999999128 -0.1 0.0
1.7999999999999128 -0.1 0.0
1.7999999999999128 -0.1 0.0
1.7999999999999128 -0.1 0.0
1.7999999999999128 -0.1 0.0
1.7999999999999128 -0.1 0.0
1.7999999999999128 -0.1 0.0
1.7999999999999128 -0.1 0.0
1.7999999999999128 -0.1 0.0
1.7999999999999128 -0.1 0.0
1.7999999999999128 -0.1 0.0
1.7999999999999128 -0.1 0.0
1.7999999999999128 -0.1 0.0
1.7999999999999128 -0.1 0.0
1.7999999999999128 -0.1 0.0
1.7999999999999128 -0.1 0.0
1.7999999999999128 -0.1 0.0
1.7999999999999128 -0.1 0.0
1.7999999999999128 -0.1 0.0
1.7999999999999128 -0.1 0.0
1.7999999999999128 -0.1 0.0
1.7999999999999128 -0.1 0.0
1.7999999999999128 -0.1 0.0
1.7999999999999128 -0.1 0.0
1.7999999999999128 -0.1 0.0
1.7999999999999128 -0.1 0.0
1.7999999999999128 -0.1 0.0
1.7999999999999128 -0.1 0.0
1.7999999999999128 -0.1 0.0
1.7999999999999128 -0.1 0.0
1.7999999999999128 -0.1 0.0
1.7999999999999128 -0.1 0.0
1.7999999999999128 -0.1 0.0
1.7999999999999128 -0.1 0.0
1.7999999999999128 -0.1 0.0
1.7999999999999128 -0.1 0.0
1.7999999999999128 -0.1 0.0
1.7999999999999128 -0.1 0.0
1.7999999999999128 -0.1 0.0
1.7999999999999128 -0.1 0.0
1.7999999999999128 -0.1 0.0
1.7999999999999128 -0.1 0.0
1.7999999999999128 -0.1 0.0
1.7999999999999128 -0.1 0.0
1.7999999999999128 -0.1 0.0
1.7999999999999128 -0.1 0.0
1.7999999999999128 -0.1 0.0
1.7999999999999128 -0.1 0.0
1.7999999999999128 -0.1 0.0
1.7999999999999128 -0.1 0.0
1.7999999999999128 -0.1 0.0
1.7999999999999128 -0.1 0.0
1.7999999999999128 -0.1 0.0
1.7999999999999128 -0.1 0.0
1.7999999999999128 -0.1 0.0
1.7999999999999128 -0.1 0.0
1.7999999999999128 -0.1 0.0
1.7999999999999128 -0.1 0.0
1.7999999999999128 -0.1 0.0
1.7999999999999128 -0.1 0.0
1.7999999999999128 -0.1 0.0
1.7999999999999128 -0.1 0.0
1.7999999999999128 -0.1 0.0
1.7999999999999128 -0.1 0.0
1.7999999999999128 -0.1 0.0
1.7999999999999128 -0.1 0.0
1.7999999999999128 -0.1 0.0
1.7999999999999128 -0.1 0.0
1.7999999999999128 -0.1 0.0
1.7999999999999128 -0.1 0.0
1.7999999999999128 -0.1 0.0
1.7999999999999128 -0.1 0.0
1.7999999999999128 -0.1 0.0
1.7999999999999128 -0.1 0.0
1.7999999999999128 -0.1 0.0
1.7999999999999128 -0.1 0.0
1.7999999999999128 -0.1 0.0
1.7999999999999128 -0.1 0.0
1.7999999999999128 -0.1 0.0
1.7999999999999128 -0.1 0.0
1.7999999999999128 -0.1 0.0
1.7999999999999128 -0.1 0.0
1.7999999999999128 -0.1 0.0
1.7999999999999128 -0.1 0.0
1.7999999999999128 -0.1 0.0
1.7999999999999128 -0.1 0.0
1.7999999999999128 -0.1 0.0
1.7999999999999128 -0.1 0.0
1.7999999999999128 -0.1 0.0
1.7999999999999128 -0.1 0.0
1.7999999999999128 -0.1 0.0
1.7999999999999128 -0.1 0.0
1.7999999999999128 -0.1 0.0
1.7999999999999128 -0.1 0.0
1.7999999999999128 -0.1 0.0
1.7999999999999128 -0.1 0.0
1.7999999999999128 -0.1 0.0
1.7999999999999128 -0.1 0.0
1.7999999999999128 -0.1 0.0
1.7999999999999128 -0.1 0.0
1.7999999999999128 -0.1 0.0
1.7999999999999128 -0.1 0.0
1.7999999999999128 -0.1 0.0
1.7999999999999128 -0.1 0.0
1.7999999999999128 -0.1 0.0
1.7999999999999128 -0.1 0.0
1.7999999999999128 -0.1 0.0
1.7999999999999128 -0.1 0.0
1.7999999999999128 -0.1 0.0
1.7999999999999128 -0.1 0.0
1.7999999999999128 -0.1 0.0
1.7999999999999128 -0.1 0.0
1.7999999999999128 -0.1 0.0
1.7999999999999128 -0.1 0.0
1.7999999999999128 -0.1 0.0
1.7999999999999128 -0.1 0.0
1.7999999999999128 -0.1 0.0
1.7999999999999128 -0.1 0.0
1.7999999999999128 -0.1 0.0
1.7999999999999128 -0.1 0.0
1.7999999999999128 -0.1 0.0
1.7999999999999128 -0.1 0.0
1.7999999999999128 -0.1 0.0
1.7999999999999128 -0.1 0.0
1.7999999999999128 -0.1 0.0
1.7999999999999128 -0.1 0.0
1.8001212827987465 -0.1 6.345356101624323e-05
1.800480466472216 -0.1 0.0002465106205747605
1.8010705539357728 -0.1 0.0005384556434818824
1.8018845481048689 -0.1 0.000928892961266139
1.8029154518949562 -0.1 0.001407746772178259
1.8041562682214867 -0.1 0.00196526114119117
1.8055999999999122 -0.1 0.0025919999999999997
1.8072396501456847 -0.1 0.003278847147022074
1.8090682215742557 -0.1 0.004017006247396917
1.8110787172010778 -0.1 0.004798000832986255
1.8132641399416023 -0.1 0.00561367430237401
1.8156174927112814 -0.1 0.006456189920866304
1.8181317784255668 -0.1 0.007318030820491461
1.8207999999999105 -0.1 0.008192
1.8236151603497643 -0.1 0.00907122032486464
1.8265702623905804 -0.1 0.009949134527280298
1.8296583090378105 -0.1 0.010819505206164096
1.8328723032069063 -0.1 0.01167641482715535
1.83620524781332 -0.1 0.012514265722615575
1.8396501457725032 -0.1 0.013327780091628487
1.843199999999908 -0.1 0.014112
1.8468478134109862 -0.1 0.014862287380258223
1.85058658892119 -0.1 0.015574324031653479
1.854409329445971 -0.1 0.016244111620158264
1.858309037900781 -0.1 0.016867971678467306
1.8622787172010722 -0.1 0.0174425456059975
1.8663113702622962 -0.1 0.01796479466888796
1.870399999999905 -0.1 0.018431999999999997
1.8745376093293507 -0.1 0.01884176259891711
1.8787172011660849 -0.1 0.019192003331945026
1.8829317784255597 -0.1 0.01948096293211162
1.8871743440232267 -0.1 0.019707201999167007
1.8914379008745383 -0.1 0.0198696009995835
1.895715451894946 -0.1 0.019967360266555594
1.8999999999999018 -0.1 0.01999999999999999
1.9042845481048576 -0.1 0.0199673602665556
1.9085620991252652 -0.1 0.0198696009995835
1.9128256559765768 -0.1 0.019707201999167007
1.9170682215742438 -0.1 0.0194809629321116
1.9212827988337187 -0.1 0.019192003331945026
1.9254623906704529 -0.1 0.018841762598917122
1.9295999999998985 -0.1 0.018432000000000004
1.9336886297375073 -0.1 0.01796479466888795
1.9377212827987313 -0.1 0.017442545605997506
1.9416909620990226 -0.1 0.01686797167846729
1.9455906705538326 -0.1 0.016244111620158264
1.9494134110786134 -0.1 0.015574324031653486
1.9531521865888173 -0.1 0.014862287380258216
1.9567999999998955 -0.1 0.014112000000000013
1.9603498542273003 -0.1 0.013327780091628494
1.9637947521864836 -0.1 0.012514265722615547
1.9671276967928972 -0.1 0.01167641482715534
1.970341690961993 -0.1 0.01081950520616412
1.9734297376092231 -0.1 0.009949134527280301
1.9763848396500392 -0.1 0.009071220324864626
1.979199999999893 -0.1 0.008192000000000005
1.9818682215742367 -0.1 0.007318030820491456
1.9843825072885222 -0.1 0.006456189920866273
1.9867358600582012 -0.1 0.005613674302374
1.9889212827987257 -0.1 0.004798000832986288
1.9909317784255476 -0.1 0.004017006247396898
1.9927603498541189 -0.1 0.0032788471470220903
1.9943999999998914 -0.1 0.0025920000000000387
1.9958437317783169 -0.1 0.001965261141191166
1.9970845481048474 -0.1 0.0014077467721782533
1.9981154518949347 -0.1 0.0009288929612661367
1.9989294460640308 -0.1 0.0005384556434818721
1.9995195335275875 -0.1 0.00024651062057473583
1.9998787172010568 -0.1 6.345356101622457e-05
1.9999999999998908 -0.1 0.0
1.9999999999998908 -0.1 0.0
1.9999999999998908 -0.1 0.0
1.9999999999998908 -0.1 0.0
1.9999999999998908 -0.1 0.0
1.9999999999998908 -0.1 0.0
1.9999999999998908 -0.1 0.0
1.9999999999998908 -0.1 0.0
1.9999999999998908 -0.1 0.0
1.9999999999998908 -0.1 0.0
1.9999999999998908 -0.1 0.0
1.9999999999998908 -0.1 0.0
1.9999999999998908 -0.1 0.0
1.9999999999998908 -0.1 0.0
1.9999999999998908 -0.1 0.0
1.9999999999998908 -0.1 0.0
1.9999999999998908 -0.1 0.0
1.9999999999998908 -0.1 0.0
1.9999999999998908 -0.1 0.0
1.9999999999998908 -0.1 0.0
1.9999999999998908 -0.1 0.0
1.9999999999998908 -0.1 0.0
1.9999999999998908 -0.1 0.0
1.9999999999998908 -0.1 0.0
1.9999999999998908 -0.1 0.0
1.9999999999998908 -0.1 0.0
1.9999999999998908 -0.1 0.0
1.9999999999998908 -0.1 0.0
1.9999999999998908 -0.1 0.0
1.9999999999998908 -0.1 0.0
1.9999999999998908 -0.1 0.0
1.9999999999998908 -0.1 0.0
1.9999999999998908 -0.1 0.0
1.9999999999998908 -0.1 0.0
1.9999999999998908 -0.1 0.0
1.9999999999998908 -0.1 0.0
1.9999999999998908 -0.1 0.0
1.9999999999998908 -0.1 0.0
1.9999999999998908 -0.1 0.0
1.9999999999998908 -0.1 0.0
1.9999999999998908 -0.1 0.0
1.9999999999998908 -0.1 0.0
1.9999999999998908 -0.1 0.0
1.9999999999998908 -0.1 0.0
1.9999999999998908 -0.1 0.0
1.9999999999998908 -0.1 0.0
1.9999999999998908 -0.1 0.0
1.9999999999998908 -0.1 0.0
1.9999999999998908 -0.1 0.0
1.9999999999998908 -0.1 0.0
1.9999999999998908 -0.1 0.0
1.9999999999998908 -0.1 0.0
1.9999999999998908 -0.1 0.0
1.9999999999998908 -0.1 0.0
1.9999999999998908 -0.1 0.0
1.9999999999998908 -0.1 0.0
1.9999999999998908 -0.1 0.0
1.9999999999998908 -0.1 0.0
1.9999999999998908 -0.1 0.0
1.9999999999998908 -0.1 0.0
1.9999999999998908 -0.1 0.0
1.9999999999998908 -0.1 0.0
1.9999999999998908 -0.1 0.0
1.9999999999998908 -0.1 0.0
1.9999999999998908 -0.1 0.0
1.9999999999998908 -0.1 0.0
1.9999999999998908 -0.1 0.0
1.9999999999998908 -0.1 0.0
1.9999999999998908 -0.1 0.0
1.9999999999998908 -0.1 0.0
1.9999999999998908 -0.1 0.0
1.9999999999998908 -0.1 0.0
1.9999999999998908 -0.1 0.0
1.9999999999998908 -0.1 0.0
1.9999999999998908 -0.1 0.0
1.9999999999998908 -0.1 0.0
1.9999999999998908 -0.1 0.0
1.9999999999998908 -0.1 0.0
1.9999999999998908 -0.1 0.0
1.9999999999998908 -0.1 0.0
1.9999999999998908 -0.1 0.0
1.9999999999998908 -0.1 0.0
1.9999999999998908 -0.1 0.0
1.9999999999998908 -0.1 0.0
1.9999999999998908 -0.1 0.0
1.9999999999998908 -0.1 0.0
1.9999999999998908 -0.1 0.0
1.9999999999998908 -0.1 0.0
1.9999999999998908 -0.1 0.0
1.9999999999998908 -0.1 0.0
1.9999999999998908 -0.1 0.0
1.9999999999998908 -0.1 0.0
1.9999999999998908 -0.1 0.0
1.9999999999998908 -0.1 0.0
1.9999999999998908 -0.1 0.0
1.9999999999998908 -0.1 0.0
1.9999999999998908 -0.1 0.0
1.9999999999998908 -0.1 0.0
1.9999999999998908 -0.1 0.0
1.9999999999998908 -0.1 0.0
1.9999999999998908 -0.1 0.0
1.9999999999998908 -0.1 0.0
1.9999999999998908 -0.1 0.0
1.9999999999998908 -0.1 0.0
1.9999999999998908 -0.1 0.0
1.9999999999998908 -0.1 0.0
1.9999999999998908 -0.1 0.0
1.9999999999998908 -0.1 0.0
1.9999999999998908 -0.1 0.0
1.9999999999998908 -0.1 0.0
1.9999999999998908 -0.1 0.0
1.9999999999998908 -0.1 0.0
1.9999999999998908 -0.1 0.0
1.9999999999998908 -0.1 0.0
1.9999999999998908 -0.1 0.0
1.9999999999998908 -0.1 0.0
1.9999999999998908 -0.1 0.0
1.9999999999998908 -0.1 0.0
1.9999999999998908 -0.1 0.0
1.9999999999998908 -0.1 0.0
1.9999999999998908 -0.1 0.0
1.9999999999998908 -0.1 0.0
1.9999999999998908 -0.1 0.0
1.9999999999998908 -0.1 0.0
1.9999999999998908 -0.1 0.0
1.9999999999998908 -0.1 0.0
1.9999999999998908 -0.1 0.0
1.9999999999998908 -0.1 0.0
1.9999999999998908 -0.1 0.0
1.9999999999998908 -0.1 0.0
1.9999999999998908 -0.1 0.0
2.0001212827987245 -0.1 6.345356101624323e-05
2.000480466472194 -0.1 0.0002465106205747605
2.0010705539357505 -0.1 0.0005384556434818824
2.001884548104847 -0.1 0.000928892961266139
2.002915451894934 -0.1 0.001407746772178259
2.0041562682214646 -0.1 0.00196526114119117
2.00559999999989 -0.1 0.0025919999999999997
2.0072396501456624 -0.1 0.003278847147022074
2.0090682215742337 -0.1 0.004017006247396917
2.011078717201056 -0.1 0.004798000832986255
2.01326413994158 -0.1 0.00561367430237401
2.015617492711259 -0.1 0.006456189920866304
2.018131778425545 -0.1 0.007318030820491461
2.0207999999998885 -0.1 0.008192
2.0236151603497423 -0.1 0.00907122032486464
2.0265702623905586 -0.1 0.009949134527280298
2.029658309037788 -0.1 0.010819505206164096
2.0328723032068843 -0.1 0.01167641482715535
2.0362052478132977 -0.1 0.012514265722615575
2.039650145772481 -0.1 0.013327780091628487
2.043199999999886 -0.1 0.014112
2.0468478134109644 -0.1 0.014862287380258223
2.050586588921168 -0.1 0.015574324031653479
2.054409329445949 -0.1 0.016244111620158264
2.058309037900759 -0.1 0.016867971678467306
2.06227871720105 -0.1 0.0174425456059975
2.066311370262274 -0.1 0.01796479466888796
2.070399999999883 -0.1 0.018431999999999997
2.0745376093293286 -0.1 0.01884176259891711
2.0787172011660626 -0.1 0.019192003331945026
2.0829317784255377 -0.1 0.01948096293211162
2.0871743440232047 -0.1 0.019707201999167007
2.0914379008745163 -0.1 0.0198696009995835
2.095715451894924 -0.1 0.019967360266555594
2.0999999999998797 -0.1 0.01999999999999999
2.1042845481048356 -0.1 0.0199673602665556
2.108562099125243 -0.1 0.0198696009995835
2.112825655976555 -0.1 0.019707201999167007
2.117068221574222 -0.1 0.0194809629321116
2.121282798833697 -0.1 0.019192003331945026
2.125462390670431 -0.1 0.018841762598917122
2.1295999999998765 -0.1 0.018432000000000004
2.1336886297374855 -0.1 0.01796479466888795
2.1377212827987093 -0.1 0.017442545605997506
2.1416909620990006 -0.1 0.01686797167846729
2.1455906705538106 -0.1 0.016244111620158264
2.1494134110785916 -0.1 0.015574324031653486
2.153152186588795 -0.1 0.014862287380258216
2.1567999999998735 -0.1 0.014112000000000013
2.1603498542272783 -0.1 0.013327780091628494
2.163794752186462 -0.1 0.012514265722615547
2.167127696792875 -0.1 0.01167641482715534
2.1703416909619713 -0.1 0.01081950520616412
2.173429737609201 -0.1 0.009949134527280301
2.176384839650017 -0.1 0.009071220324864626
2.179199999999871 -0.1 0.008192000000000005
2.1818682215742147 -0.1 0.007318030820491456
2.1843825072885004 -0.1 0.006456189920866273
2.186735860058179 -0.1 0.005613674302374
2.1889212827987037 -0.1 0.004798000832986288
2.1909317784255258 -0.1 0.004017006247396898
2.192760349854097 -0.1 0.0032788471470220903
2.1943999999998693 -0.1 0.0025920000000000387
2.195843731778295 -0.1 0.001965261141191166
2.1970845481048253 -0.1 0.0014077467721782533
2.1981154518949126 -0.1 0.0009288929612661367
2.198929446064009 -0.1 0.0005384556434818721
2.1995195335275657 -0.1 0.00024651062057473583
2.199878717201035 -0.1 6.345356101622457e-05
2.1999999999998687 -0.1 0.0
2.1999999999998687 -0.1 0.0
2.1999999999998687 -0.1 0.0
2.1999999999998687 -0.1 0.0
2.1999999999998687 -0.1 0.0
2.1999999999998687 -0.1 0.0
2.1999999999998687 -0.1 0.0
2.1999999999998687 -0.1 0.0
2.1999999999998687 -0.1 0.0
2.1999999999998687 -0.1 0.0
2.1999999999998687 -0.1 0.0
2.1999999999998687 -0.1 0.0
2.1999999999998687 -0.1 0.0
2.1999999999998687 -0.1 0.0
2.1999999999998687 -0.1 0.0
2.1999999999998687 -0.1 0.0
2.1999999999998687 -0.1 0.0
2.1999999999998687 -0.1 0.0
2.1999999999998687 -0.1 0.0
2.1999999999998687 -0.1 0.0
2.1999999999998687 -0.1 0.0
2.1999999999998687 -0.1 0.0
2.1999999999998687 -0.1 0.0
2.1999999999998687 -0.1 0.0
2.1999999999998687 -0.1 0.0
2.1999999999998687 -0.1 0.0
2.1999999999998687 -0.1 0.0
2.1999999999998687 -0.1 0.0
2.1999999999998687 -0.1 0.0
2.1999999999998687 -0.1 0.0
2.1999999999998687 -0.1 0.0
2.1999999999998687 -0.1 0.0
2.1999999999998687 -0.1 0.0
2.1999999999998687 -0.1 0.0
2.1999999999998687 -0.1 0.0
2.1999999999998687 -0.1 0.0
2.1999999999998687 -0.1 0.0
2.1999999999998687 -0.1 0.0
2.1999999999998687 -0.1 0.0
2.1999999999998687 -0.1 0.0
2.1999999999998687 -0.1 0.0
2.1999999999998687 -0.1 0.0
2.1999999999998687 -0.1 0.0
2.1999999999998687 -0.1 0.0
2.1999999999998687 -0.1 0.0
2.1999999999998687 -0.1 0.0
2.1999999999998687 -0.1 0.0
2.1999999999998687 -0.1 0.0
2.1999999999998687 -0.1 0.0
2.1999999999998687 -0.1 0.0
2.1999999999998687 -0.1 0.0
2.1999999999998687 -0.1 0.0
2.1999999999998687 -0.1 0.0
2.1999999999998687 -0.1 0.0
2.1999999999998687 -0.1 0.0
2.1999999999998687 -0.1 0.0
2.1999999999998687 -0.1 0.0
2.1999999999998687 -0.1 0.0
2.1999999999998687 -0.1 0.0
2.1999999999998687 -0.1 0.0
2.1999999999998687 -0.1 0.0
2.1999999999998687 -0.1 0.0
2.1999999999998687 -0.1 0.0
2.1999999999998687 -0.1 0.0
2.1999999999998687 -0.1 0.0
2.1999999999998687 -0.1 0.0
2.1999999999998687 -0.1 0.0
2.1999999999998687 -0.1 0.0
2.1999999999998687 -0.1 0.0
2.1999999999998687 -0.1 0.0
2.1999999999998687 -0.1 0.0
2.1999999999998687 -0.1 0.0
2.1999999999998687 -0.1 0.0
2.1999999999998687 -0.1 0.0
2.1999999999998687 -0.1 0.0
2.1999999999998687 -0.1 0.0
2.1999999999998687 -0.1 0.0
2.1999999999998687 -0.1 0.0
2.1999999999998687 -0.1 0.0
2.1999999999998687 -0.1 0.0
2.1999999999998687 -0.1 0.0
2.1999999999998687 -0.1 0.0
2.1999999999998687 -0.1 0.0
2.1999999999998687 -0.1 0.0
2.1999999999998687 -0.1 0.0
2.1999999999998687 -0.1 0.0
2.1999999999998687 -0.1 0.0
2.1999999999998687 -0.1 0.0
2.1999999999998687 -0.1 0.0
2.1999999999998687 -0.1 0.0
2.1999999999998687 -0.1 0.0
2.1999999999998687 -0.1 0.0
2.1999999999998687 -0.1 0.0
2.1999999999998687 -0.1 0.0
2.1999999999998687 -0.1 0.0
2.1999999999998687 -0.1 0.0
2.1999999999998687 -0.1 0.0
2.1999999999998687 -0.1 0.0
2.1999999999998687 -0.1 0.0
2.1999999999998687 -0.1 0.0
2.1999999999998687 -0.1 0.0
2.1999999999998687 -0.1 0.0
2.1999999999998687 -0.1 0.0
2.1999999999998687 -0.1 0.0
2.1999999999998687 -0.1 0.0
2.1999999999998687 -0.1 0.0
2.1999999999998687 -0.1 0.0
2.1999999999998687 -0.1 0.0
2.1999999999998687 -0.1 0.0
2.1999999999998687 -0.1 0.0
2.1999999999998687 -0.1 0.0
2.1999999999998687 -0.1 0.0
2.1999999999998687 -0.1 0.0
2.1999999999998687 -0.1 0.0
2.1999999999998687 -0.1 0.0
2.1999999999998687 -0.1 0.0
2.1999999999998687 -0.1 0.0
2.1999999999998687 -0.1 0.0
2.1999999999998687 -0.1 0.0
2.1999999999998687 -0.1 0.0
2.1999999999998687 -0.1 0.0
2.1999999999998687 -0.1 0.0
2.1999999999998687 -0.1 0.0
2.1999999999998687 -0.1 0.0
2.1999999999998687 -0.1 0.0
2.1999999999998687 -0.1 0.0
2.1999999999998687 -0.1 0.0
2.1999999999998687 -0.1 0.0
2.1999999999998687 -0.1 0.0
2.1999999999998687 -0.1 0.0
